,timestamp,index_name,memory_load_duration,query_id,search_duration,top1,top5,top10,distance,query_cost
0,2024-06-24 13:46:07.926936,index_ivf_sq8__cosine_similarity,5.035876750946045,0,0.4667346477508545,True,True,True,0.9992870688438416,0
1,2024-06-24 13:46:08.397638,index_ivf_sq8__cosine_similarity,5.035876750946045,1,0.39110684394836426,True,True,True,0.9931407570838928,0
2,2024-06-24 13:46:08.792365,index_ivf_sq8__cosine_similarity,5.035876750946045,2,0.1956939697265625,True,True,True,0.9920139908790588,0
3,2024-06-24 13:46:08.991989,index_ivf_sq8__cosine_similarity,5.035876750946045,3,0.3968837261199951,True,True,True,0.9956947565078735,0
4,2024-06-24 13:46:09.392504,index_ivf_sq8__cosine_similarity,5.035876750946045,4,0.19649267196655273,True,True,True,0.9995257258415222,0
5,2024-06-24 13:46:09.592794,index_ivf_sq8__cosine_similarity,5.035876750946045,5,0.39638209342956543,False,True,True,0.9886395931243896,0
6,2024-06-24 13:46:09.992866,index_ivf_sq8__cosine_similarity,5.035876750946045,6,0.19552230834960938,True,True,True,0.9979115724563599,0
7,2024-06-24 13:46:10.192106,index_ivf_sq8__cosine_similarity,5.035876750946045,7,0.19701313972473145,True,True,True,0.9990524053573608,0
8,2024-06-24 13:46:10.392738,index_ivf_sq8__cosine_similarity,5.035876750946045,8,0.3955719470977783,False,True,True,0.9987888336181641,0
9,2024-06-24 13:46:10.792059,index_ivf_sq8__cosine_similarity,5.035876750946045,9,0.3967621326446533,True,True,True,0.9990787506103516,0
10,2024-06-24 13:46:11.192606,index_ivf_sq8__cosine_similarity,5.035876750946045,10,0.39541149139404297,True,True,True,0.9970345497131348,0
11,2024-06-24 13:46:11.591921,index_ivf_sq8__cosine_similarity,5.035876750946045,11,0.4050283432006836,True,True,True,1.0001220703125,0
12,2024-06-24 13:46:12.000702,index_ivf_sq8__cosine_similarity,5.035876750946045,12,0.18791484832763672,True,True,True,0.9987999200820923,0
13,2024-06-24 13:46:12.192344,index_ivf_sq8__cosine_similarity,5.035876750946045,13,0.39620399475097656,True,True,True,0.9991794228553772,0
14,2024-06-24 13:46:12.592290,index_ivf_sq8__cosine_similarity,5.035876750946045,14,0.19593310356140137,True,True,True,0.9444560408592224,0
15,2024-06-24 13:46:12.792036,index_ivf_sq8__cosine_similarity,5.035876750946045,15,0.19624829292297363,True,True,True,0.9471966028213501,0
16,2024-06-24 13:46:12.991971,index_ivf_sq8__cosine_similarity,5.035876750946045,16,0.1972053050994873,True,True,True,0.997940182685852,0
17,2024-06-24 13:46:13.192876,index_ivf_sq8__cosine_similarity,5.035876750946045,17,0.1964573860168457,True,True,True,0.9960874319076538,0
18,2024-06-24 13:46:13.392872,index_ivf_sq8__cosine_similarity,5.035876750946045,18,0.1956181526184082,False,False,False,1.0,0
19,2024-06-24 13:46:13.592227,index_ivf_sq8__cosine_similarity,5.035876750946045,19,0.19628167152404785,True,True,True,0.9957891702651978,0
20,2024-06-24 13:46:13.792209,index_ivf_sq8__cosine_similarity,5.035876750946045,20,0.39603304862976074,True,True,True,0.9973875880241394,0
21,2024-06-24 13:46:14.192036,index_ivf_sq8__cosine_similarity,5.035876750946045,21,0.3964214324951172,True,True,True,0.9877274036407471,0
22,2024-06-24 13:46:14.592107,index_ivf_sq8__cosine_similarity,5.035876750946045,22,0.3962528705596924,True,True,True,0.9966982007026672,0
23,2024-06-24 13:46:14.992161,index_ivf_sq8__cosine_similarity,5.035876750946045,23,0.39594078063964844,False,False,False,1.0,0
24,2024-06-24 13:46:15.391861,index_ivf_sq8__cosine_similarity,5.035876750946045,24,0.3973259925842285,True,True,True,0.9570231437683105,0
25,2024-06-24 13:46:15.792890,index_ivf_sq8__cosine_similarity,5.035876750946045,25,0.39583444595336914,True,True,True,0.9933613538742065,0
26,2024-06-24 13:46:16.192306,index_ivf_sq8__cosine_similarity,5.035876750946045,26,0.19656014442443848,True,True,True,0.99729984998703,0
27,2024-06-24 13:46:16.392805,index_ivf_sq8__cosine_similarity,5.035876750946045,27,0.39653444290161133,True,True,True,0.999306321144104,0
28,2024-06-24 13:46:16.792967,index_ivf_sq8__cosine_similarity,5.035876750946045,28,0.3968822956085205,True,True,True,0.9845196604728699,0
29,2024-06-24 13:46:17.193392,index_ivf_sq8__cosine_similarity,5.035876750946045,29,0.3967289924621582,True,True,True,0.9995656609535217,0
30,2024-06-24 13:46:17.592374,index_ivf_sq8__cosine_similarity,5.035876750946045,30,0.395723819732666,True,True,True,0.9969207048416138,0
31,2024-06-24 13:46:17.991869,index_ivf_sq8__cosine_similarity,5.035876750946045,31,0.3968985080718994,False,False,False,1.0,0
32,2024-06-24 13:46:18.392278,index_ivf_sq8__cosine_similarity,5.035876750946045,32,0.19650959968566895,True,True,True,1.0002806186676025,0
33,2024-06-24 13:46:18.592590,index_ivf_sq8__cosine_similarity,5.035876750946045,33,0.19645047187805176,False,True,True,0.9547085762023926,0
34,2024-06-24 13:46:18.792641,index_ivf_sq8__cosine_similarity,5.035876750946045,34,0.3959226608276367,True,True,True,0.9923904538154602,0
35,2024-06-24 13:46:19.192321,index_ivf_sq8__cosine_similarity,5.035876750946045,35,0.39627647399902344,True,True,True,0.9916390776634216,0
36,2024-06-24 13:46:19.592379,index_ivf_sq8__cosine_similarity,5.035876750946045,36,0.39610862731933594,True,True,True,0.9834550619125366,0
37,2024-06-24 13:46:19.992064,index_ivf_sq8__cosine_similarity,5.035876750946045,37,0.19684219360351562,True,True,True,0.9780732989311218,0
38,2024-06-24 13:46:20.192642,index_ivf_sq8__cosine_similarity,5.035876750946045,38,0.1960897445678711,True,True,True,0.9707691669464111,0
39,2024-06-24 13:46:20.392548,index_ivf_sq8__cosine_similarity,5.035876750946045,39,0.1962571144104004,False,True,True,0.9985862970352173,0
40,2024-06-24 13:46:20.592477,index_ivf_sq8__cosine_similarity,5.035876750946045,40,0.39715147018432617,True,True,True,0.9895951151847839,0
41,2024-06-24 13:46:20.993327,index_ivf_sq8__cosine_similarity,5.035876750946045,41,0.24090981483459473,True,True,True,0.995808482170105,0
42,2024-06-24 13:46:21.238675,index_ivf_sq8__cosine_similarity,5.035876750946045,42,0.15456676483154297,False,True,True,0.9326317310333252,0
43,2024-06-24 13:46:21.396156,index_ivf_sq8__cosine_similarity,5.035876750946045,43,0.22551369667053223,True,True,True,0.9916332960128784,0
44,2024-06-24 13:46:21.624549,index_ivf_sq8__cosine_similarity,5.035876750946045,44,0.20190143585205078,True,True,True,0.9992600083351135,0
45,2024-06-24 13:46:21.829310,index_ivf_sq8__cosine_similarity,5.035876750946045,46,0.3815288543701172,True,True,True,0.9988718032836914,0
46,2024-06-24 13:46:22.213657,index_ivf_sq8__cosine_similarity,5.035876750946045,47,0.459550142288208,True,True,True,0.9901499152183533,0
47,2024-06-24 13:46:22.676065,index_ivf_sq8__cosine_similarity,5.035876750946045,48,0.3342139720916748,True,True,True,0.9986840486526489,0
48,2024-06-24 13:46:23.029547,index_ivf_sq8__cosine_similarity,5.035876750946045,49,0.4785921573638916,True,True,True,0.9978265762329102,0
49,2024-06-24 13:46:23.510835,index_ivf_sq8__cosine_similarity,5.035876750946045,50,0.3742339611053467,True,True,True,0.9640659689903259,0
50,2024-06-24 13:46:23.887804,index_ivf_sq8__cosine_similarity,5.035876750946045,51,0.32944750785827637,True,True,True,0.9932915568351746,0
51,2024-06-24 13:46:24.220070,index_ivf_sq8__cosine_similarity,5.035876750946045,52,0.4030497074127197,True,True,True,0.9870233535766602,0
52,2024-06-24 13:46:24.626511,index_ivf_sq8__cosine_similarity,5.035876750946045,53,0.41233110427856445,True,True,True,0.9794051647186279,0
53,2024-06-24 13:46:25.041819,index_ivf_sq8__cosine_similarity,5.035876750946045,54,0.38871002197265625,False,True,True,0.9986302256584167,0
54,2024-06-24 13:46:25.433673,index_ivf_sq8__cosine_similarity,5.035876750946045,55,0.20100927352905273,True,True,True,0.9969151616096497,0
55,2024-06-24 13:46:25.637666,index_ivf_sq8__cosine_similarity,5.035876750946045,56,0.4251444339752197,True,True,True,0.9978294968605042,0
56,2024-06-24 13:46:26.065846,index_ivf_sq8__cosine_similarity,5.035876750946045,57,0.1411747932434082,True,True,True,0.9986790418624878,0
57,2024-06-24 13:46:26.210217,index_ivf_sq8__cosine_similarity,5.035876750946045,58,0.3935725688934326,False,False,False,1.0,0
58,2024-06-24 13:46:26.606781,index_ivf_sq8__cosine_similarity,5.035876750946045,59,0.39343786239624023,True,True,True,1.0001946687698364,0
59,2024-06-24 13:46:27.003290,index_ivf_sq8__cosine_similarity,5.035876750946045,60,0.38631224632263184,False,False,False,1.0,0
60,2024-06-24 13:46:27.392380,index_ivf_sq8__cosine_similarity,5.035876750946045,61,0.2033991813659668,False,False,False,1.0,0
61,2024-06-24 13:46:27.598606,index_ivf_sq8__cosine_similarity,5.035876750946045,62,0.39004087448120117,True,True,True,0.9975473284721375,0
62,2024-06-24 13:46:27.992748,index_ivf_sq8__cosine_similarity,5.035876750946045,63,0.1965024471282959,True,True,True,0.9996252655982971,0
63,2024-06-24 13:46:28.192294,index_ivf_sq8__cosine_similarity,5.035876750946045,64,0.3979685306549072,False,True,True,0.9970467686653137,0
64,2024-06-24 13:46:28.593041,index_ivf_sq8__cosine_similarity,5.035876750946045,65,0.39615392684936523,True,True,True,0.9982526302337646,0
65,2024-06-24 13:46:28.992853,index_ivf_sq8__cosine_similarity,5.035876750946045,66,0.3961613178253174,False,True,True,0.9993064999580383,0
66,2024-06-24 13:46:29.392553,index_ivf_sq8__cosine_similarity,5.035876750946045,67,0.3966066837310791,False,True,True,0.9988922476768494,0
67,2024-06-24 13:46:29.792336,index_ivf_sq8__cosine_similarity,5.035876750946045,68,0.39765501022338867,True,True,True,0.9990458488464355,0
68,2024-06-24 13:46:30.192765,index_ivf_sq8__cosine_similarity,5.035876750946045,69,0.19573545455932617,False,False,False,1.0,0
69,2024-06-24 13:46:30.391667,index_ivf_sq8__cosine_similarity,5.035876750946045,70,0.3972280025482178,True,True,True,0.9705777764320374,0
70,2024-06-24 13:46:30.791363,index_ivf_sq8__cosine_similarity,5.035876750946045,71,0.39872193336486816,True,True,True,0.9918283820152283,0
71,2024-06-24 13:46:31.192802,index_ivf_sq8__cosine_similarity,5.035876750946045,72,0.19695782661437988,True,True,True,0.9945909380912781,0
72,2024-06-24 13:46:31.393054,index_ivf_sq8__cosine_similarity,5.035876750946045,73,0.19622564315795898,False,True,True,0.9996910095214844,0
73,2024-06-24 13:46:31.592681,index_ivf_sq8__cosine_similarity,5.035876750946045,74,0.39816784858703613,False,True,True,0.9666714072227478,0
74,2024-06-24 13:46:31.994144,index_ivf_sq8__cosine_similarity,5.035876750946045,75,0.19455170631408691,True,True,True,0.999402642250061,0
75,2024-06-24 13:46:32.191560,index_ivf_sq8__cosine_similarity,5.035876750946045,76,0.39936375617980957,False,True,True,0.9504382014274597,0
76,2024-06-24 13:46:32.592895,index_ivf_sq8__cosine_similarity,5.035876750946045,77,0.39601898193359375,True,True,True,0.9985656142234802,0
77,2024-06-24 13:46:32.992297,index_ivf_sq8__cosine_similarity,5.035876750946045,78,0.3968358039855957,True,True,True,0.9922729134559631,0
78,2024-06-24 13:46:33.392472,index_ivf_sq8__cosine_similarity,5.035876750946045,79,0.39675164222717285,True,True,True,0.9975442886352539,0
79,2024-06-24 13:46:33.792246,index_ivf_sq8__cosine_similarity,5.035876750946045,80,0.39713311195373535,True,True,True,0.9960448145866394,0
80,2024-06-24 13:46:34.191232,index_ivf_sq8__cosine_similarity,5.035876750946045,81,0.39905619621276855,True,True,True,0.9642614722251892,0
81,2024-06-24 13:46:34.592859,index_ivf_sq8__cosine_similarity,5.035876750946045,82,0.19634747505187988,True,True,True,0.9914479851722717,0
82,2024-06-24 13:46:34.792338,index_ivf_sq8__cosine_similarity,5.035876750946045,83,0.20021843910217285,True,True,True,0.9985966086387634,0
83,2024-06-24 13:46:34.995207,index_ivf_sq8__cosine_similarity,5.035876750946045,84,0.3944969177246094,False,False,False,1.0,0
84,2024-06-24 13:46:35.392301,index_ivf_sq8__cosine_similarity,5.035876750946045,85,0.39777517318725586,True,True,True,0.9987293481826782,0
85,2024-06-24 13:46:35.792668,index_ivf_sq8__cosine_similarity,5.035876750946045,86,0.19661569595336914,True,True,True,0.9959996342658997,0
86,2024-06-24 13:46:35.991787,index_ivf_sq8__cosine_similarity,5.035876750946045,87,0.3978304862976074,True,True,True,0.99623703956604,0
87,2024-06-24 13:46:36.392070,index_ivf_sq8__cosine_similarity,5.035876750946045,88,0.19687509536743164,False,True,True,0.9632635712623596,0
88,2024-06-24 13:46:36.591384,index_ivf_sq8__cosine_similarity,5.035876750946045,89,0.40001368522644043,True,True,True,0.9972892999649048,0
89,2024-06-24 13:46:36.994123,index_ivf_sq8__cosine_similarity,5.035876750946045,90,0.3924391269683838,True,True,True,0.9931356310844421,0
90,2024-06-24 13:46:37.391416,index_ivf_sq8__cosine_similarity,5.035876750946045,91,0.197829008102417,True,True,True,0.9936274290084839,0
91,2024-06-24 13:46:37.591834,index_ivf_sq8__cosine_similarity,5.035876750946045,92,0.3975989818572998,True,True,True,0.9992170929908752,0
92,2024-06-24 13:46:37.992041,index_ivf_sq8__cosine_similarity,5.035876750946045,93,0.396895170211792,True,True,True,0.9977008104324341,0
93,2024-06-24 13:46:38.391452,index_ivf_sq8__cosine_similarity,5.035876750946045,94,0.19877004623413086,False,False,False,1.0,0
94,2024-06-24 13:46:38.592022,index_ivf_sq8__cosine_similarity,5.035876750946045,95,0.19738435745239258,True,True,True,0.9689623713493347,0
95,2024-06-24 13:46:38.791755,index_ivf_sq8__cosine_similarity,5.035876750946045,96,0.39819931983947754,True,True,True,0.9817391633987427,0
96,2024-06-24 13:46:39.192432,index_ivf_sq8__cosine_similarity,5.035876750946045,97,0.3967554569244385,True,True,True,0.996731162071228,0
97,2024-06-24 13:46:39.591407,index_ivf_sq8__cosine_similarity,5.035876750946045,98,0.19844436645507812,False,False,False,1.0,0
98,2024-06-24 13:46:39.791704,index_ivf_sq8__cosine_similarity,5.035876750946045,99,0.19774174690246582,True,True,True,0.997070848941803,0
99,2024-06-24 13:46:39.991675,index_ivf_sq8__cosine_similarity,5.035876750946045,100,0.4002103805541992,True,True,True,0.987444281578064,0
100,2024-06-24 13:46:40.393790,index_ivf_sq8__cosine_similarity,5.035876750946045,101,0.40102124214172363,True,True,True,0.9659004807472229,0
101,2024-06-24 13:46:40.797171,index_ivf_sq8__cosine_similarity,5.035876750946045,102,0.40912699699401855,True,True,True,0.9981682300567627,0
102,2024-06-24 13:46:41.210346,index_ivf_sq8__cosine_similarity,5.035876750946045,103,0.37575602531433105,True,True,True,0.9940742254257202,0
103,2024-06-24 13:46:41.592928,index_ivf_sq8__cosine_similarity,5.035876750946045,104,0.2003178596496582,True,True,True,0.9993014335632324,0
104,2024-06-24 13:46:41.795289,index_ivf_sq8__cosine_similarity,5.035876750946045,105,0.20002388954162598,True,True,True,0.9990404844284058,0
105,2024-06-24 13:46:41.997860,index_ivf_sq8__cosine_similarity,5.035876750946045,106,0.39717841148376465,True,True,True,0.9991523027420044,0
106,2024-06-24 13:46:42.398841,index_ivf_sq8__cosine_similarity,5.035876750946045,107,0.1930408477783203,True,True,True,0.998630166053772,0
107,2024-06-24 13:46:42.594459,index_ivf_sq8__cosine_similarity,5.035876750946045,108,0.39814281463623047,True,True,True,0.9996490478515625,0
108,2024-06-24 13:46:42.996608,index_ivf_sq8__cosine_similarity,5.035876750946045,109,0.19712495803833008,True,True,True,0.970832347869873,0
109,2024-06-24 13:46:43.198110,index_ivf_sq8__cosine_similarity,5.035876750946045,110,0.3924891948699951,True,True,True,0.9847244620323181,0
110,2024-06-24 13:46:43.594358,index_ivf_sq8__cosine_similarity,5.035876750946045,111,0.39667606353759766,True,True,True,0.9854523539543152,0
111,2024-06-24 13:46:43.994800,index_ivf_sq8__cosine_similarity,5.035876750946045,112,0.19553565979003906,False,True,True,0.997893214225769,0
112,2024-06-24 13:46:44.192834,index_ivf_sq8__cosine_similarity,5.035876750946045,113,0.3996880054473877,True,True,True,0.9997233152389526,0
113,2024-06-24 13:46:44.596365,index_ivf_sq8__cosine_similarity,5.035876750946045,114,0.39487314224243164,True,True,True,0.9986721277236938,0
114,2024-06-24 13:46:44.994943,index_ivf_sq8__cosine_similarity,5.035876750946045,115,0.3946712017059326,True,True,True,0.9951580762863159,0
115,2024-06-24 13:46:45.393407,index_ivf_sq8__cosine_similarity,5.035876750946045,116,0.39714574813842773,True,True,True,0.9968538284301758,0
116,2024-06-24 13:46:45.794214,index_ivf_sq8__cosine_similarity,5.035876750946045,117,0.39705944061279297,True,True,True,0.977494478225708,0
117,2024-06-24 13:46:46.195064,index_ivf_sq8__cosine_similarity,5.035876750946045,118,0.196197509765625,False,True,True,0.997342050075531,0
118,2024-06-24 13:46:46.394944,index_ivf_sq8__cosine_similarity,5.035876750946045,119,0.3964505195617676,False,False,False,1.0,0
119,2024-06-24 13:46:46.795006,index_ivf_sq8__cosine_similarity,5.035876750946045,120,0.19384217262268066,True,True,True,0.9936637878417969,0
120,2024-06-24 13:46:46.992532,index_ivf_sq8__cosine_similarity,5.035876750946045,121,0.39751529693603516,True,True,True,0.9996558427810669,0
121,2024-06-24 13:46:47.393656,index_ivf_sq8__cosine_similarity,5.035876750946045,122,0.19643664360046387,True,True,True,1.0002295970916748,0
122,2024-06-24 13:46:47.593731,index_ivf_sq8__cosine_similarity,5.035876750946045,123,0.39580607414245605,True,True,True,0.9969815015792847,0
123,2024-06-24 13:46:47.993201,index_ivf_sq8__cosine_similarity,5.035876750946045,124,0.3965001106262207,True,True,True,0.9989010095596313,0
124,2024-06-24 13:46:48.394042,index_ivf_sq8__cosine_similarity,5.035876750946045,125,0.19547796249389648,False,True,True,0.9908807873725891,0
125,2024-06-24 13:46:48.593132,index_ivf_sq8__cosine_similarity,5.035876750946045,126,0.4153127670288086,True,True,True,0.9941223859786987,0
126,2024-06-24 13:46:49.012059,index_ivf_sq8__cosine_similarity,5.035876750946045,127,0.38015294075012207,False,True,True,0.9990350008010864,0
127,2024-06-24 13:46:49.396280,index_ivf_sq8__cosine_similarity,5.035876750946045,128,0.3933734893798828,False,True,True,0.9989834427833557,0
128,2024-06-24 13:46:49.793911,index_ivf_sq8__cosine_similarity,5.035876750946045,129,0.1956925392150879,False,True,True,0.9649468660354614,0
129,2024-06-24 13:46:49.993188,index_ivf_sq8__cosine_similarity,5.035876750946045,130,0.3966805934906006,False,True,True,0.9993257522583008,0
130,2024-06-24 13:46:50.393587,index_ivf_sq8__cosine_similarity,5.035876750946045,131,0.3967106342315674,True,True,True,0.971569299697876,0
131,2024-06-24 13:46:50.794113,index_ivf_sq8__cosine_similarity,5.035876750946045,132,0.3967626094818115,False,True,True,0.9922932982444763,0
132,2024-06-24 13:46:51.194774,index_ivf_sq8__cosine_similarity,5.035876750946045,133,0.39511680603027344,False,True,True,0.9602416157722473,0
133,2024-06-24 13:46:51.593423,index_ivf_sq8__cosine_similarity,5.035876750946045,134,0.39624786376953125,True,True,True,0.969796359539032,0
134,2024-06-24 13:46:51.993331,index_ivf_sq8__cosine_similarity,5.035876750946045,135,0.398745059967041,True,True,True,0.9993389844894409,0
135,2024-06-24 13:46:52.394488,index_ivf_sq8__cosine_similarity,5.035876750946045,136,0.3955225944519043,True,True,True,0.9956202507019043,0
136,2024-06-24 13:46:52.793329,index_ivf_sq8__cosine_similarity,5.035876750946045,137,0.3950228691101074,True,True,True,0.9993367195129395,0
137,2024-06-24 13:46:53.191780,index_ivf_sq8__cosine_similarity,5.035876750946045,138,0.40300583839416504,True,True,True,0.9759542942047119,0
138,2024-06-24 13:46:53.597035,index_ivf_sq8__cosine_similarity,5.035876750946045,139,0.19166231155395508,True,True,True,1.0002964735031128,0
139,2024-06-24 13:46:53.792687,index_ivf_sq8__cosine_similarity,5.035876750946045,140,0.39595770835876465,True,True,True,0.9971591234207153,0
140,2024-06-24 13:46:54.192173,index_ivf_sq8__cosine_similarity,5.035876750946045,141,0.39630699157714844,True,True,True,0.9993655681610107,0
141,2024-06-24 13:46:54.592088,index_ivf_sq8__cosine_similarity,5.035876750946045,142,0.1960291862487793,False,True,True,0.9839593172073364,0
142,2024-06-24 13:46:54.791812,index_ivf_sq8__cosine_similarity,5.035876750946045,143,0.19637584686279297,True,True,True,0.9844377636909485,0
143,2024-06-24 13:46:54.991778,index_ivf_sq8__cosine_similarity,5.035876750946045,144,0.397552490234375,True,True,True,0.9739904403686523,0
144,2024-06-24 13:46:55.392980,index_ivf_sq8__cosine_similarity,5.035876750946045,145,0.3959801197052002,False,True,True,0.93341064453125,0
145,2024-06-24 13:46:55.792526,index_ivf_sq8__cosine_similarity,5.035876750946045,146,0.19555234909057617,False,False,False,1.0,0
146,2024-06-24 13:46:55.991566,index_ivf_sq8__cosine_similarity,5.035876750946045,147,0.19732308387756348,True,True,True,0.9995912313461304,0
147,2024-06-24 13:46:56.192360,index_ivf_sq8__cosine_similarity,5.035876750946045,148,0.19686174392700195,True,True,True,0.998789370059967,0
148,2024-06-24 13:46:56.392861,index_ivf_sq8__cosine_similarity,5.035876750946045,149,0.3952829837799072,True,True,True,0.9955855011940002,0
149,2024-06-24 13:46:56.792420,index_ivf_sq8__cosine_similarity,5.035876750946045,150,0.3963768482208252,True,True,True,0.9983848333358765,0
150,2024-06-24 13:46:57.192378,index_ivf_sq8__cosine_similarity,5.035876750946045,151,0.19639277458190918,True,True,True,0.990860641002655,0
151,2024-06-24 13:46:57.392327,index_ivf_sq8__cosine_similarity,5.035876750946045,152,0.3949878215789795,True,True,True,0.9984153509140015,0
152,2024-06-24 13:46:57.790790,index_ivf_sq8__cosine_similarity,5.035876750946045,153,0.3968684673309326,True,True,True,0.9857932329177856,0
153,2024-06-24 13:46:58.192960,index_ivf_sq8__cosine_similarity,5.035876750946045,154,0.1956491470336914,True,True,True,0.999466598033905,0
154,2024-06-24 13:46:58.392354,index_ivf_sq8__cosine_similarity,5.035876750946045,155,0.1964108943939209,True,True,True,0.999104380607605,0
155,2024-06-24 13:46:58.592514,index_ivf_sq8__cosine_similarity,5.035876750946045,156,0.39633727073669434,False,True,True,0.9865729212760925,0
156,2024-06-24 13:46:58.992462,index_ivf_sq8__cosine_similarity,5.035876750946045,157,0.1955718994140625,True,True,True,0.999162495136261,0
157,2024-06-24 13:46:59.191803,index_ivf_sq8__cosine_similarity,5.035876750946045,159,0.1961684226989746,True,True,True,0.9950158596038818,0
158,2024-06-24 13:46:59.392286,index_ivf_sq8__cosine_similarity,5.035876750946045,160,0.19595885276794434,True,True,True,0.9520841240882874,0
159,2024-06-24 13:46:59.591952,index_ivf_sq8__cosine_similarity,5.035876750946045,161,0.19687414169311523,True,True,True,0.9962727427482605,0
160,2024-06-24 13:46:59.792544,index_ivf_sq8__cosine_similarity,5.035876750946045,162,0.19566106796264648,False,True,True,0.9660253524780273,0
161,2024-06-24 13:46:59.991804,index_ivf_sq8__cosine_similarity,5.035876750946045,163,0.39684367179870605,True,True,True,1.0005321502685547,0
162,2024-06-24 13:47:00.392059,index_ivf_sq8__cosine_similarity,5.035876750946045,164,0.19666290283203125,True,True,True,0.99577796459198,0
163,2024-06-24 13:47:00.592211,index_ivf_sq8__cosine_similarity,5.035876750946045,165,0.19596362113952637,True,True,True,0.9982290863990784,0
164,2024-06-24 13:47:00.791731,index_ivf_sq8__cosine_similarity,5.035876750946045,166,0.19664740562438965,True,True,True,0.9956214427947998,0
165,2024-06-24 13:47:00.991875,index_ivf_sq8__cosine_similarity,5.035876750946045,167,0.19763827323913574,False,True,True,0.9994521737098694,0
166,2024-06-24 13:47:01.193048,index_ivf_sq8__cosine_similarity,5.035876750946045,168,0.19539189338684082,False,False,False,1.0,0
167,2024-06-24 13:47:01.391913,index_ivf_sq8__cosine_similarity,5.035876750946045,169,0.1961040496826172,False,True,True,0.9513714909553528,0
168,2024-06-24 13:47:01.591820,index_ivf_sq8__cosine_similarity,5.035876750946045,170,0.39754438400268555,True,True,True,0.9996482133865356,0
169,2024-06-24 13:47:01.993077,index_ivf_sq8__cosine_similarity,5.035876750946045,171,0.3951303958892822,False,False,False,1.0,0
170,2024-06-24 13:47:02.391935,index_ivf_sq8__cosine_similarity,5.035876750946045,172,0.3967759609222412,True,True,True,0.9991317987442017,0
171,2024-06-24 13:47:02.792249,index_ivf_sq8__cosine_similarity,5.035876750946045,173,0.19565105438232422,True,True,True,0.9602084755897522,0
172,2024-06-24 13:47:02.991393,index_ivf_sq8__cosine_similarity,5.035876750946045,174,0.1970195770263672,False,True,True,0.9977923035621643,0
173,2024-06-24 13:47:03.192044,index_ivf_sq8__cosine_similarity,5.035876750946045,175,0.3965189456939697,True,True,True,0.9986772537231445,0
174,2024-06-24 13:47:03.592061,index_ivf_sq8__cosine_similarity,5.035876750946045,176,0.19663643836975098,False,True,True,0.9989184737205505,0
175,2024-06-24 13:47:03.792250,index_ivf_sq8__cosine_similarity,5.035876750946045,177,0.19701600074768066,False,True,True,0.9990000128746033,0
176,2024-06-24 13:47:03.992910,index_ivf_sq8__cosine_similarity,5.035876750946045,178,0.19587469100952148,False,True,True,0.9987190365791321,0
177,2024-06-24 13:47:04.192600,index_ivf_sq8__cosine_similarity,5.035876750946045,179,0.3959369659423828,True,True,True,0.9988049268722534,0
178,2024-06-24 13:47:04.592062,index_ivf_sq8__cosine_similarity,5.035876750946045,180,0.39641690254211426,True,True,True,0.9974101781845093,0
179,2024-06-24 13:47:04.992334,index_ivf_sq8__cosine_similarity,5.035876750946045,181,0.3953263759613037,True,True,True,0.9881178140640259,0
180,2024-06-24 13:47:05.391408,index_ivf_sq8__cosine_similarity,5.035876750946045,182,0.19701790809631348,True,True,True,0.996995747089386,0
181,2024-06-24 13:47:05.592092,index_ivf_sq8__cosine_similarity,5.035876750946045,183,0.19687128067016602,True,True,True,0.9995809197425842,0
182,2024-06-24 13:47:05.792528,index_ivf_sq8__cosine_similarity,5.035876750946045,184,0.3964684009552002,True,True,True,0.9771138429641724,0
183,2024-06-24 13:47:06.192397,index_ivf_sq8__cosine_similarity,5.035876750946045,185,0.3963143825531006,False,True,True,0.9595894813537598,0
184,2024-06-24 13:47:06.592246,index_ivf_sq8__cosine_similarity,5.035876750946045,186,0.19587326049804688,False,True,True,0.993947446346283,0
185,2024-06-24 13:47:06.791732,index_ivf_sq8__cosine_similarity,5.035876750946045,187,0.20393776893615723,True,True,True,0.9544655680656433,0
186,2024-06-24 13:47:06.999326,index_ivf_sq8__cosine_similarity,5.035876750946045,188,0.1885368824005127,False,True,True,0.99984210729599,0
187,2024-06-24 13:47:07.191734,index_ivf_sq8__cosine_similarity,5.035876750946045,189,0.1964712142944336,True,True,True,0.9976707100868225,0
188,2024-06-24 13:47:07.391865,index_ivf_sq8__cosine_similarity,5.035876750946045,190,0.1968214511871338,True,True,True,0.9994913935661316,0
189,2024-06-24 13:47:07.592321,index_ivf_sq8__cosine_similarity,5.035876750946045,191,0.3963441848754883,True,True,True,0.9989937543869019,0
190,2024-06-24 13:47:07.992401,index_ivf_sq8__cosine_similarity,5.035876750946045,192,0.19571948051452637,True,True,True,0.9978438019752502,0
191,2024-06-24 13:47:08.191876,index_ivf_sq8__cosine_similarity,5.035876750946045,193,0.39644765853881836,True,True,True,0.995184063911438,0
192,2024-06-24 13:47:08.591893,index_ivf_sq8__cosine_similarity,5.035876750946045,194,0.19713973999023438,False,False,False,1.0,0
193,2024-06-24 13:47:08.792514,index_ivf_sq8__cosine_similarity,5.035876750946045,195,0.1961078643798828,True,True,True,0.9998800158500671,0
194,2024-06-24 13:47:08.992353,index_ivf_sq8__cosine_similarity,5.035876750946045,196,0.19622015953063965,True,True,True,0.994482159614563,0
195,2024-06-24 13:47:09.192245,index_ivf_sq8__cosine_similarity,5.035876750946045,197,0.3962547779083252,False,True,True,0.9979572296142578,0
196,2024-06-24 13:47:09.592114,index_ivf_sq8__cosine_similarity,5.035876750946045,198,0.39745020866394043,True,True,True,0.9998038411140442,0
197,2024-06-24 13:47:09.993525,index_ivf_sq8__cosine_similarity,5.035876750946045,199,0.19456219673156738,True,True,True,0.9936059713363647,0
198,2024-06-24 13:47:10.192322,index_ivf_sq8__cosine_similarity,5.035876750946045,200,0.39627957344055176,True,True,True,1.0001654624938965,0
199,2024-06-24 13:47:10.592460,index_ivf_sq8__cosine_similarity,5.035876750946045,201,0.39641451835632324,False,True,True,0.9965081810951233,0
200,2024-06-24 13:47:10.992571,index_ivf_sq8__cosine_similarity,5.035876750946045,202,0.3960561752319336,True,True,True,0.9983625411987305,0
201,2024-06-24 13:47:11.392441,index_ivf_sq8__cosine_similarity,5.035876750946045,203,0.19600224494934082,True,True,True,0.9990196228027344,0
202,2024-06-24 13:47:11.592139,index_ivf_sq8__cosine_similarity,5.035876750946045,204,0.19702744483947754,True,True,True,0.9998930096626282,0
203,2024-06-24 13:47:11.792944,index_ivf_sq8__cosine_similarity,5.035876750946045,205,0.39571237564086914,True,True,True,0.9973829984664917,0
204,2024-06-24 13:47:12.192392,index_ivf_sq8__cosine_similarity,5.035876750946045,206,0.1954810619354248,True,True,True,0.9988106489181519,0
205,2024-06-24 13:47:12.392210,index_ivf_sq8__cosine_similarity,5.035876750946045,207,0.3965303897857666,False,True,True,0.9602780938148499,0
206,2024-06-24 13:47:12.792398,index_ivf_sq8__cosine_similarity,5.035876750946045,208,0.3963887691497803,True,True,True,0.9987016916275024,0
207,2024-06-24 13:47:13.192396,index_ivf_sq8__cosine_similarity,5.035876750946045,209,0.37440061569213867,True,True,True,0.9758546352386475,0
208,2024-06-24 13:47:13.591487,index_ivf_sq8__cosine_similarity,5.035876750946045,210,0.19650626182556152,True,True,True,0.9996901750564575,0
209,2024-06-24 13:47:13.791714,index_ivf_sq8__cosine_similarity,5.035876750946045,211,0.19727158546447754,False,True,True,0.9294677376747131,0
210,2024-06-24 13:47:13.992640,index_ivf_sq8__cosine_similarity,5.035876750946045,212,0.3957507610321045,False,False,False,1.0,0
211,2024-06-24 13:47:14.392241,index_ivf_sq8__cosine_similarity,5.035876750946045,213,0.19523072242736816,True,True,True,0.9993823766708374,0
212,2024-06-24 13:47:14.591761,index_ivf_sq8__cosine_similarity,5.035876750946045,214,0.3967876434326172,True,True,True,0.9946204423904419,0
213,2024-06-24 13:47:14.992101,index_ivf_sq8__cosine_similarity,5.035876750946045,215,0.39666295051574707,True,True,True,0.998971164226532,0
214,2024-06-24 13:47:15.392310,index_ivf_sq8__cosine_similarity,5.035876750946045,216,0.19568967819213867,True,True,True,0.998884916305542,0
215,2024-06-24 13:47:15.591646,index_ivf_sq8__cosine_similarity,5.035876750946045,217,0.19685053825378418,True,True,True,0.9998480677604675,0
216,2024-06-24 13:47:15.792292,index_ivf_sq8__cosine_similarity,5.035876750946045,218,0.19680213928222656,True,True,True,0.9994034171104431,0
217,2024-06-24 13:47:15.992729,index_ivf_sq8__cosine_similarity,5.035876750946045,219,0.1959543228149414,True,True,True,1.0003467798233032,0
218,2024-06-24 13:47:16.192331,index_ivf_sq8__cosine_similarity,5.035876750946045,220,0.3963508605957031,True,True,True,0.9946454167366028,0
219,2024-06-24 13:47:16.592317,index_ivf_sq8__cosine_similarity,5.035876750946045,221,0.3963291645050049,False,False,False,1.0,0
220,2024-06-24 13:47:16.992444,index_ivf_sq8__cosine_similarity,5.035876750946045,222,0.39583349227905273,False,True,True,0.9588032960891724,0
221,2024-06-24 13:47:17.391985,index_ivf_sq8__cosine_similarity,5.035876750946045,223,0.19586443901062012,False,True,True,0.9974579811096191,0
222,2024-06-24 13:47:17.591475,index_ivf_sq8__cosine_similarity,5.035876750946045,224,0.3969862461090088,True,True,True,0.9987584352493286,0
223,2024-06-24 13:47:17.992247,index_ivf_sq8__cosine_similarity,5.035876750946045,225,0.19563794136047363,True,True,True,0.982679009437561,0
224,2024-06-24 13:47:18.191821,index_ivf_sq8__cosine_similarity,5.035876750946045,226,0.19546985626220703,True,True,True,0.9944713115692139,0
225,2024-06-24 13:47:18.391110,index_ivf_sq8__cosine_similarity,5.035876750946045,227,0.19667315483093262,False,True,True,0.9992597103118896,0
226,2024-06-24 13:47:18.591714,index_ivf_sq8__cosine_similarity,5.035876750946045,228,0.19662070274353027,True,True,True,0.9995701313018799,0
227,2024-06-24 13:47:18.792025,index_ivf_sq8__cosine_similarity,5.035876750946045,229,0.1966862678527832,True,True,True,0.9899552464485168,0
228,2024-06-24 13:47:18.992482,index_ivf_sq8__cosine_similarity,5.035876750946045,230,0.39556169509887695,True,True,True,0.9991720914840698,0
229,2024-06-24 13:47:19.391736,index_ivf_sq8__cosine_similarity,5.035876750946045,231,0.3966498374938965,False,True,True,0.9968152046203613,0
230,2024-06-24 13:47:19.792087,index_ivf_sq8__cosine_similarity,5.035876750946045,232,0.19612431526184082,False,True,True,0.997316300868988,0
231,2024-06-24 13:47:19.991849,index_ivf_sq8__cosine_similarity,5.035876750946045,233,0.3964378833770752,True,True,True,1.000085711479187,0
232,2024-06-24 13:47:20.392022,index_ivf_sq8__cosine_similarity,5.035876750946045,234,0.39716029167175293,True,True,True,0.9994360208511353,0
233,2024-06-24 13:47:20.792643,index_ivf_sq8__cosine_similarity,5.035876750946045,235,0.3957345485687256,False,True,True,0.9869472980499268,0
234,2024-06-24 13:47:21.192036,index_ivf_sq8__cosine_similarity,5.035876750946045,236,0.19688844680786133,True,True,True,0.9992541670799255,0
235,2024-06-24 13:47:21.392447,index_ivf_sq8__cosine_similarity,5.035876750946045,237,0.1962594985961914,False,False,False,1.0,0
236,2024-06-24 13:47:21.592237,index_ivf_sq8__cosine_similarity,5.035876750946045,238,0.1957714557647705,True,True,True,0.977853000164032,0
237,2024-06-24 13:47:21.791546,index_ivf_sq8__cosine_similarity,5.035876750946045,239,0.3974146842956543,True,True,True,0.9992297887802124,0
238,2024-06-24 13:47:22.192631,index_ivf_sq8__cosine_similarity,5.035876750946045,240,0.39620304107666016,False,True,True,0.9561272263526917,0
239,2024-06-24 13:47:22.592487,index_ivf_sq8__cosine_similarity,5.035876750946045,241,0.39801669120788574,True,True,True,0.9980167746543884,0
240,2024-06-24 13:47:22.994361,index_ivf_sq8__cosine_similarity,5.035876750946045,242,0.1943209171295166,True,True,True,0.9993698596954346,0
241,2024-06-24 13:47:23.192657,index_ivf_sq8__cosine_similarity,5.035876750946045,243,0.39579176902770996,True,True,True,0.9805359840393066,0
242,2024-06-24 13:47:23.592186,index_ivf_sq8__cosine_similarity,5.035876750946045,244,0.3974471092224121,True,True,True,1.0000399351119995,0
243,2024-06-24 13:47:23.993370,index_ivf_sq8__cosine_similarity,5.035876750946045,245,0.194688081741333,True,True,True,0.9934729337692261,0
244,2024-06-24 13:47:24.191841,index_ivf_sq8__cosine_similarity,5.035876750946045,246,0.1972963809967041,True,True,True,0.9995938539505005,0
245,2024-06-24 13:47:24.392757,index_ivf_sq8__cosine_similarity,5.035876750946045,247,0.39643287658691406,False,True,True,0.9957185387611389,0
246,2024-06-24 13:47:24.792628,index_ivf_sq8__cosine_similarity,5.035876750946045,248,0.3956315517425537,True,True,True,0.9996545314788818,0
247,2024-06-24 13:47:25.191828,index_ivf_sq8__cosine_similarity,5.035876750946045,249,0.1959209442138672,True,True,True,0.9984296560287476,0
248,2024-06-24 13:47:25.391435,index_ivf_sq8__cosine_similarity,5.035876750946045,250,0.19711828231811523,True,True,True,0.9991353750228882,0
249,2024-06-24 13:47:25.592246,index_ivf_sq8__cosine_similarity,5.035876750946045,251,0.19675254821777344,True,True,True,0.9979241490364075,0
250,2024-06-24 13:47:25.792507,index_ivf_sq8__cosine_similarity,5.035876750946045,252,0.3953096866607666,True,True,True,0.9968740940093994,0
251,2024-06-24 13:47:26.191509,index_ivf_sq8__cosine_similarity,5.035876750946045,253,0.1970658302307129,True,True,True,0.994778573513031,0
252,2024-06-24 13:47:26.392093,index_ivf_sq8__cosine_similarity,5.035876750946045,254,0.19696283340454102,False,False,False,1.0,0
253,2024-06-24 13:47:26.592320,index_ivf_sq8__cosine_similarity,5.035876750946045,255,0.19591641426086426,True,True,True,0.9894459843635559,0
254,2024-06-24 13:47:26.792155,index_ivf_sq8__cosine_similarity,5.035876750946045,256,0.39586353302001953,False,True,True,0.9878610968589783,0
255,2024-06-24 13:47:27.191664,index_ivf_sq8__cosine_similarity,5.035876750946045,257,0.3964247703552246,True,True,True,0.9962092638015747,0
256,2024-06-24 13:47:27.591852,index_ivf_sq8__cosine_similarity,5.035876750946045,258,0.3966643810272217,True,True,True,0.9978299140930176,0
257,2024-06-24 13:47:27.992133,index_ivf_sq8__cosine_similarity,5.035876750946045,259,0.39641261100769043,True,True,True,0.9993029832839966,0
258,2024-06-24 13:47:28.392354,index_ivf_sq8__cosine_similarity,5.035876750946045,260,0.39684319496154785,True,True,True,0.9586780667304993,0
259,2024-06-24 13:47:28.792864,index_ivf_sq8__cosine_similarity,5.035876750946045,261,0.39522480964660645,True,True,True,0.9985641241073608,0
260,2024-06-24 13:47:29.192207,index_ivf_sq8__cosine_similarity,5.035876750946045,262,0.39560675621032715,True,True,True,0.9896270036697388,0
261,2024-06-24 13:47:29.591289,index_ivf_sq8__cosine_similarity,5.035876750946045,263,0.19670319557189941,True,True,True,0.999681830406189,0
262,2024-06-24 13:47:29.791714,index_ivf_sq8__cosine_similarity,5.035876750946045,264,0.19638514518737793,False,False,False,1.0,0
263,2024-06-24 13:47:29.991807,index_ivf_sq8__cosine_similarity,5.035876750946045,265,0.19687414169311523,True,True,True,0.9957132339477539,0
264,2024-06-24 13:47:30.192725,index_ivf_sq8__cosine_similarity,5.035876750946045,266,0.39540529251098633,False,False,False,1.0,0
265,2024-06-24 13:47:30.591881,index_ivf_sq8__cosine_similarity,5.035876750946045,267,0.4735734462738037,False,True,True,0.9947237372398376,0
266,2024-06-24 13:47:31.069035,index_ivf_sq8__cosine_similarity,5.035876750946045,268,0.3448054790496826,True,True,True,0.9742375016212463,0
267,2024-06-24 13:47:31.417241,index_ivf_sq8__cosine_similarity,5.035876750946045,269,0.26528072357177734,True,True,True,0.998724639415741,0
268,2024-06-24 13:47:31.685574,index_ivf_sq8__cosine_similarity,5.035876750946045,270,0.35810017585754395,True,True,True,0.9925130009651184,0
269,2024-06-24 13:47:32.046656,index_ivf_sq8__cosine_similarity,5.035876750946045,271,0.4047858715057373,True,True,True,0.9951618313789368,0
270,2024-06-24 13:47:32.454403,index_ivf_sq8__cosine_similarity,5.035876750946045,272,0.22615981101989746,False,False,False,1.0,0
271,2024-06-24 13:47:32.683504,index_ivf_sq8__cosine_similarity,5.035876750946045,273,0.40215182304382324,True,True,True,0.9965536594390869,0
272,2024-06-24 13:47:33.088566,index_ivf_sq8__cosine_similarity,5.035876750946045,274,0.34903812408447266,True,True,True,0.9655008912086487,0
273,2024-06-24 13:47:33.440516,index_ivf_sq8__cosine_similarity,5.035876750946045,275,0.16132688522338867,True,True,True,0.995284378528595,0
274,2024-06-24 13:47:33.604604,index_ivf_sq8__cosine_similarity,5.035876750946045,276,0.46723508834838867,True,True,True,1.000052571296692,0
275,2024-06-24 13:47:34.074794,index_ivf_sq8__cosine_similarity,5.035876750946045,277,0.3355715274810791,True,True,True,0.9927992820739746,0
276,2024-06-24 13:47:34.413309,index_ivf_sq8__cosine_similarity,5.035876750946045,278,0.22780537605285645,True,True,True,0.9995079636573792,0
277,2024-06-24 13:47:34.644021,index_ivf_sq8__cosine_similarity,5.035876750946045,279,0.23100733757019043,True,True,True,0.9989190697669983,0
278,2024-06-24 13:47:34.877973,index_ivf_sq8__cosine_similarity,5.035876750946045,280,0.234832763671875,True,True,True,0.999870240688324,0
279,2024-06-24 13:47:35.115714,index_ivf_sq8__cosine_similarity,5.035876750946045,281,0.4105527400970459,False,True,True,0.9533689618110657,0
280,2024-06-24 13:47:35.529093,index_ivf_sq8__cosine_similarity,5.035876750946045,282,0.2729930877685547,True,True,True,0.9963600635528564,0
281,2024-06-24 13:47:35.804893,index_ivf_sq8__cosine_similarity,5.035876750946045,283,0.5142388343811035,True,True,True,1.0001482963562012,0
282,2024-06-24 13:47:36.321992,index_ivf_sq8__cosine_similarity,5.035876750946045,284,0.35061001777648926,True,True,True,0.9998170733451843,0
283,2024-06-24 13:47:36.675625,index_ivf_sq8__cosine_similarity,5.035876750946045,285,0.3346567153930664,True,True,True,0.9573927521705627,0
284,2024-06-24 13:47:37.013153,index_ivf_sq8__cosine_similarity,5.035876750946045,286,0.20142626762390137,True,True,True,0.9957077503204346,0
285,2024-06-24 13:47:37.217375,index_ivf_sq8__cosine_similarity,5.035876750946045,287,0.42518138885498047,True,True,True,1.000045657157898,0
286,2024-06-24 13:47:37.645669,index_ivf_sq8__cosine_similarity,5.035876750946045,288,0.19012904167175293,False,True,True,0.9527232646942139,0
287,2024-06-24 13:47:37.838935,index_ivf_sq8__cosine_similarity,5.035876750946045,289,0.44245314598083496,True,True,True,0.9993813633918762,0
288,2024-06-24 13:47:38.284484,index_ivf_sq8__cosine_similarity,5.035876750946045,290,0.34919071197509766,True,True,True,0.9981977343559265,0
289,2024-06-24 13:47:38.636597,index_ivf_sq8__cosine_similarity,5.035876750946045,291,0.15668034553527832,True,True,True,0.9950705170631409,0
290,2024-06-24 13:47:38.796192,index_ivf_sq8__cosine_similarity,5.035876750946045,292,0.270906925201416,True,True,True,0.9979926347732544,0
291,2024-06-24 13:47:39.070170,index_ivf_sq8__cosine_similarity,5.035876750946045,293,0.21015691757202148,True,True,True,0.9980646967887878,0
292,2024-06-24 13:47:39.283351,index_ivf_sq8__cosine_similarity,5.035876750946045,294,0.33478450775146484,True,True,True,0.9991965293884277,0
293,2024-06-24 13:47:39.621200,index_ivf_sq8__cosine_similarity,5.035876750946045,295,0.473613977432251,True,True,True,0.9985925555229187,0
294,2024-06-24 13:47:40.098118,index_ivf_sq8__cosine_similarity,5.035876750946045,296,0.32575154304504395,True,True,True,0.9997225999832153,0
295,2024-06-24 13:47:40.426725,index_ivf_sq8__cosine_similarity,5.035876750946045,297,0.3754875659942627,True,True,True,0.9989622831344604,0
296,2024-06-24 13:47:40.820103,index_ivf_sq8__cosine_similarity,5.035876750946045,298,0.20692157745361328,True,True,True,0.9985456466674805,0
297,2024-06-24 13:47:41.029633,index_ivf_sq8__cosine_similarity,5.035876750946045,299,0.3693852424621582,False,True,True,0.9782828688621521,0
298,2024-06-24 13:47:41.401904,index_ivf_sq8__cosine_similarity,5.035876750946045,300,0.26013660430908203,False,False,True,0.9396361112594604,0
299,2024-06-24 13:47:41.664783,index_ivf_sq8__cosine_similarity,5.035876750946045,301,0.16446542739868164,False,True,True,0.9987916946411133,0
300,2024-06-24 13:47:41.832136,index_ivf_sq8__cosine_similarity,5.035876750946045,302,0.17224979400634766,False,True,True,0.9997901320457458,0
301,2024-06-24 13:47:42.007311,index_ivf_sq8__cosine_similarity,5.035876750946045,303,0.5311787128448486,False,True,True,0.9983364343643188,0
302,2024-06-24 13:47:42.541411,index_ivf_sq8__cosine_similarity,5.035876750946045,304,0.5136873722076416,True,True,True,0.9990878105163574,0
303,2024-06-24 13:47:43.057949,index_ivf_sq8__cosine_similarity,5.035876750946045,305,0.39395999908447266,True,True,True,0.9995892643928528,0
304,2024-06-24 13:47:43.455179,index_ivf_sq8__cosine_similarity,5.035876750946045,306,0.17139005661010742,True,True,True,0.9985300302505493,0
305,2024-06-24 13:47:43.629547,index_ivf_sq8__cosine_similarity,5.035876750946045,307,0.24359703063964844,False,True,True,0.9631134271621704,0
306,2024-06-24 13:47:43.876191,index_ivf_sq8__cosine_similarity,5.035876750946045,308,0.21137714385986328,False,True,True,0.9963852167129517,0
307,2024-06-24 13:47:44.090400,index_ivf_sq8__cosine_similarity,5.035876750946045,309,0.34438395500183105,True,True,True,0.9936957359313965,0
308,2024-06-24 13:47:44.437694,index_ivf_sq8__cosine_similarity,5.035876750946045,310,0.4129180908203125,False,True,True,0.9983835816383362,0
309,2024-06-24 13:47:44.853523,index_ivf_sq8__cosine_similarity,5.035876750946045,311,0.4842872619628906,True,True,True,0.9993727207183838,0
310,2024-06-24 13:47:45.340609,index_ivf_sq8__cosine_similarity,5.035876750946045,312,0.4973137378692627,True,True,True,0.9845818281173706,0
311,2024-06-24 13:47:45.840906,index_ivf_sq8__cosine_similarity,5.035876750946045,313,0.3889632225036621,False,True,True,0.9955229759216309,0
312,2024-06-24 13:47:46.232852,index_ivf_sq8__cosine_similarity,5.035876750946045,314,0.37583398818969727,False,True,True,0.997278094291687,0
313,2024-06-24 13:47:46.613802,index_ivf_sq8__cosine_similarity,5.035876750946045,315,0.3361625671386719,False,False,False,1.0,0
314,2024-06-24 13:47:46.952956,index_ivf_sq8__cosine_similarity,5.035876750946045,316,0.24187374114990234,True,True,True,0.9909228086471558,0
315,2024-06-24 13:47:47.197820,index_ivf_sq8__cosine_similarity,5.035876750946045,317,0.19097566604614258,False,True,True,0.9439940452575684,0
316,2024-06-24 13:47:47.392097,index_ivf_sq8__cosine_similarity,5.035876750946045,318,0.41269969940185547,True,True,True,0.9761196970939636,0
317,2024-06-24 13:47:47.808356,index_ivf_sq8__cosine_similarity,5.035876750946045,319,0.3805580139160156,True,True,True,0.9991381168365479,0
318,2024-06-24 13:47:48.193665,index_ivf_sq8__cosine_similarity,5.035876750946045,320,0.3960850238800049,True,True,True,0.9992042183876038,0
319,2024-06-24 13:47:48.592532,index_ivf_sq8__cosine_similarity,5.035876750946045,321,0.19743752479553223,False,True,True,0.9917203187942505,0
320,2024-06-24 13:47:48.792144,index_ivf_sq8__cosine_similarity,5.035876750946045,322,0.1973111629486084,True,True,True,0.997857391834259,0
321,2024-06-24 13:47:48.991696,index_ivf_sq8__cosine_similarity,5.035876750946045,323,0.19882512092590332,True,True,True,0.9712610244750977,0
322,2024-06-24 13:47:49.192666,index_ivf_sq8__cosine_similarity,5.035876750946045,324,0.39688992500305176,True,True,True,0.9997367262840271,0
323,2024-06-24 13:47:49.592758,index_ivf_sq8__cosine_similarity,5.035876750946045,325,0.40953660011291504,True,True,True,0.9995681047439575,0
324,2024-06-24 13:47:50.006006,index_ivf_sq8__cosine_similarity,5.035876750946045,326,0.38147735595703125,False,True,True,0.9661490321159363,0
325,2024-06-24 13:47:50.395078,index_ivf_sq8__cosine_similarity,5.035876750946045,327,0.40412378311157227,True,True,True,0.9979652166366577,0
326,2024-06-24 13:47:50.801865,index_ivf_sq8__cosine_similarity,5.035876750946045,328,0.18686890602111816,True,True,True,0.99688720703125,0
327,2024-06-24 13:47:50.991403,index_ivf_sq8__cosine_similarity,5.035876750946045,329,0.4000425338745117,True,True,True,0.9875646829605103,0
328,2024-06-24 13:47:51.393911,index_ivf_sq8__cosine_similarity,5.035876750946045,330,0.19638848304748535,True,True,True,0.9993332028388977,0
329,2024-06-24 13:47:51.592994,index_ivf_sq8__cosine_similarity,5.035876750946045,331,0.1956958770751953,True,True,True,0.993777334690094,0
330,2024-06-24 13:47:51.792250,index_ivf_sq8__cosine_similarity,5.035876750946045,332,0.1963496208190918,False,False,True,0.9071664810180664,0
331,2024-06-24 13:47:51.992220,index_ivf_sq8__cosine_similarity,5.035876750946045,333,0.39771270751953125,True,True,True,0.9953832626342773,0
332,2024-06-24 13:47:52.393734,index_ivf_sq8__cosine_similarity,5.035876750946045,334,0.39514875411987305,True,True,True,0.999444305896759,0
333,2024-06-24 13:47:52.792581,index_ivf_sq8__cosine_similarity,5.035876750946045,335,0.21674752235412598,True,True,True,0.9903226494789124,0
334,2024-06-24 13:47:53.012998,index_ivf_sq8__cosine_similarity,5.035876750946045,336,0.37330055236816406,True,True,True,0.9985827803611755,0
335,2024-06-24 13:47:53.391490,index_ivf_sq8__cosine_similarity,5.035876750946045,337,0.19793391227722168,False,True,True,0.9966815114021301,0
336,2024-06-24 13:47:53.591959,index_ivf_sq8__cosine_similarity,5.035876750946045,338,0.19698119163513184,False,True,True,0.9981181621551514,0
337,2024-06-24 13:47:53.792727,index_ivf_sq8__cosine_similarity,5.035876750946045,339,0.19519376754760742,True,True,True,0.9935330152511597,0
338,2024-06-24 13:47:53.991651,index_ivf_sq8__cosine_similarity,5.035876750946045,340,0.3971230983734131,False,False,False,1.0,0
339,2024-06-24 13:47:54.392454,index_ivf_sq8__cosine_similarity,5.035876750946045,341,0.39625072479248047,False,True,True,0.9750673770904541,0
340,2024-06-24 13:47:54.792607,index_ivf_sq8__cosine_similarity,5.035876750946045,342,0.19604229927062988,True,True,True,0.9998195767402649,0
341,2024-06-24 13:47:54.992504,index_ivf_sq8__cosine_similarity,5.035876750946045,343,0.3961334228515625,True,True,True,0.9987198114395142,0
342,2024-06-24 13:47:55.392447,index_ivf_sq8__cosine_similarity,5.035876750946045,344,0.3964414596557617,True,True,True,0.9658684730529785,0
343,2024-06-24 13:47:55.792686,index_ivf_sq8__cosine_similarity,5.035876750946045,345,0.3965423107147217,True,True,True,0.9763786792755127,0
344,2024-06-24 13:47:56.193121,index_ivf_sq8__cosine_similarity,5.035876750946045,346,0.19589781761169434,False,True,True,0.9961966276168823,0
345,2024-06-24 13:47:56.392818,index_ivf_sq8__cosine_similarity,5.035876750946045,347,0.19579696655273438,True,True,True,0.9929535388946533,0
346,2024-06-24 13:47:56.592311,index_ivf_sq8__cosine_similarity,5.035876750946045,348,0.3960258960723877,True,True,True,0.9963107705116272,0
347,2024-06-24 13:47:56.992276,index_ivf_sq8__cosine_similarity,5.035876750946045,349,0.3961191177368164,True,True,True,0.9906839728355408,0
348,2024-06-24 13:47:57.392261,index_ivf_sq8__cosine_similarity,5.035876750946045,350,0.19582748413085938,True,True,True,0.9834622740745544,0
349,2024-06-24 13:47:57.591825,index_ivf_sq8__cosine_similarity,5.035876750946045,351,0.3970165252685547,True,True,True,0.9958625435829163,0
350,2024-06-24 13:47:57.992558,index_ivf_sq8__cosine_similarity,5.035876750946045,352,0.3955109119415283,True,True,True,0.9981989860534668,0
351,2024-06-24 13:47:58.391782,index_ivf_sq8__cosine_similarity,5.035876750946045,353,0.39644479751586914,True,True,True,0.964067280292511,0
352,2024-06-24 13:47:58.792103,index_ivf_sq8__cosine_similarity,5.035876750946045,354,0.3960886001586914,False,False,False,1.0,0
353,2024-06-24 13:47:59.191949,index_ivf_sq8__cosine_similarity,5.035876750946045,355,0.39600038528442383,True,True,True,1.000117301940918,0
354,2024-06-24 13:47:59.591817,index_ivf_sq8__cosine_similarity,5.035876750946045,356,0.40067362785339355,False,False,False,1.0,0
355,2024-06-24 13:47:59.996312,index_ivf_sq8__cosine_similarity,5.035876750946045,357,0.19114351272583008,True,True,True,0.9986622333526611,0
356,2024-06-24 13:48:00.192567,index_ivf_sq8__cosine_similarity,5.035876750946045,358,0.17530155181884766,True,True,True,0.9998376369476318,0
357,2024-06-24 13:48:00.392067,index_ivf_sq8__cosine_similarity,5.035876750946045,359,0.3956332206726074,True,True,True,0.9978628754615784,0
358,2024-06-24 13:48:00.791535,index_ivf_sq8__cosine_similarity,5.035876750946045,360,0.396312952041626,True,True,True,0.9894639849662781,0
359,2024-06-24 13:48:01.192027,index_ivf_sq8__cosine_similarity,5.035876750946045,361,0.19675755500793457,True,True,True,0.9563849568367004,0
360,2024-06-24 13:48:01.392517,index_ivf_sq8__cosine_similarity,5.035876750946045,362,0.19605278968811035,True,True,True,0.9980927109718323,0
361,2024-06-24 13:48:01.592297,index_ivf_sq8__cosine_similarity,5.035876750946045,363,0.3959369659423828,False,False,False,1.0,0
362,2024-06-24 13:48:01.991982,index_ivf_sq8__cosine_similarity,5.035876750946045,364,0.19639825820922852,True,True,True,0.9995439648628235,0
363,2024-06-24 13:48:02.192284,index_ivf_sq8__cosine_similarity,5.035876750946045,365,0.19597363471984863,True,True,True,0.9984344244003296,0
364,2024-06-24 13:48:02.391929,index_ivf_sq8__cosine_similarity,5.035876750946045,366,0.19581937789916992,False,False,True,0.9410644173622131,0
365,2024-06-24 13:48:02.591489,index_ivf_sq8__cosine_similarity,5.035876750946045,367,0.39675402641296387,False,True,True,0.9753140211105347,0
366,2024-06-24 13:48:02.992043,index_ivf_sq8__cosine_similarity,5.035876750946045,368,0.39591073989868164,True,True,True,0.995791494846344,0
367,2024-06-24 13:48:03.391753,index_ivf_sq8__cosine_similarity,5.035876750946045,369,0.39591503143310547,True,True,True,0.9731945395469666,0
368,2024-06-24 13:48:03.791364,index_ivf_sq8__cosine_similarity,5.035876750946045,370,0.39812374114990234,False,False,False,1.0,0
369,2024-06-24 13:48:04.193345,index_ivf_sq8__cosine_similarity,5.035876750946045,371,0.3951601982116699,True,True,True,0.999092698097229,0
370,2024-06-24 13:48:04.592544,index_ivf_sq8__cosine_similarity,5.035876750946045,372,0.19614028930664062,True,True,True,0.9993242621421814,0
371,2024-06-24 13:48:04.792402,index_ivf_sq8__cosine_similarity,5.035876750946045,373,0.19622182846069336,False,True,True,0.9993909001350403,0
372,2024-06-24 13:48:04.992357,index_ivf_sq8__cosine_similarity,5.035876750946045,374,0.1957252025604248,True,True,True,0.9920560121536255,0
373,2024-06-24 13:48:05.191770,index_ivf_sq8__cosine_similarity,5.035876750946045,375,0.196272611618042,True,True,True,0.9988744854927063,0
374,2024-06-24 13:48:05.391790,index_ivf_sq8__cosine_similarity,5.035876750946045,376,0.39610743522644043,True,True,True,0.9992199540138245,0
375,2024-06-24 13:48:05.791620,index_ivf_sq8__cosine_similarity,5.035876750946045,377,0.1971585750579834,True,True,True,0.9505088329315186,0
376,2024-06-24 13:48:05.992356,index_ivf_sq8__cosine_similarity,5.035876750946045,378,0.39562368392944336,True,True,True,0.9573290348052979,0
377,2024-06-24 13:48:06.391794,index_ivf_sq8__cosine_similarity,5.035876750946045,379,0.19712281227111816,True,True,True,0.9980769753456116,0
378,2024-06-24 13:48:06.592590,index_ivf_sq8__cosine_similarity,5.035876750946045,380,0.40154552459716797,True,True,True,0.9997206926345825,0
379,2024-06-24 13:48:06.998120,index_ivf_sq8__cosine_similarity,5.035876750946045,381,0.3898129463195801,True,True,True,0.974256694316864,0
380,2024-06-24 13:48:07.391962,index_ivf_sq8__cosine_similarity,5.035876750946045,382,0.19649171829223633,True,True,True,0.9828077554702759,0
381,2024-06-24 13:48:07.592136,index_ivf_sq8__cosine_similarity,5.035876750946045,383,0.3962399959564209,True,True,True,0.9879299998283386,0
382,2024-06-24 13:48:07.992153,index_ivf_sq8__cosine_similarity,5.035876750946045,384,0.39528870582580566,True,True,True,0.9923970699310303,0
383,2024-06-24 13:48:08.391212,index_ivf_sq8__cosine_similarity,5.035876750946045,385,0.3973202705383301,True,True,True,0.9968960881233215,0
384,2024-06-24 13:48:08.792363,index_ivf_sq8__cosine_similarity,5.035876750946045,386,0.19532299041748047,True,True,True,0.9985219240188599,0
385,2024-06-24 13:48:08.991637,index_ivf_sq8__cosine_similarity,5.035876750946045,387,0.39707326889038086,True,True,True,0.9837884306907654,0
386,2024-06-24 13:48:09.392519,index_ivf_sq8__cosine_similarity,5.035876750946045,388,0.39630556106567383,True,True,True,0.9993384480476379,0
387,2024-06-24 13:48:09.792801,index_ivf_sq8__cosine_similarity,5.035876750946045,389,0.39557933807373047,True,True,True,0.9998611807823181,0
388,2024-06-24 13:48:10.192216,index_ivf_sq8__cosine_similarity,5.035876750946045,390,0.19556355476379395,False,True,True,0.9382212162017822,0
389,2024-06-24 13:48:10.391413,index_ivf_sq8__cosine_similarity,5.035876750946045,391,0.19717621803283691,True,True,True,0.9994490146636963,0
390,2024-06-24 13:48:10.592207,index_ivf_sq8__cosine_similarity,5.035876750946045,392,0.1958017349243164,False,False,False,1.0,0
391,2024-06-24 13:48:10.791757,index_ivf_sq8__cosine_similarity,5.035876750946045,393,0.3970324993133545,True,True,True,0.9989529252052307,0
392,2024-06-24 13:48:11.192422,index_ivf_sq8__cosine_similarity,5.035876750946045,394,0.39548516273498535,True,True,True,0.9942975640296936,0
393,2024-06-24 13:48:11.591652,index_ivf_sq8__cosine_similarity,5.035876750946045,395,0.19629240036010742,True,True,True,0.9647805690765381,0
394,2024-06-24 13:48:11.791601,index_ivf_sq8__cosine_similarity,5.035876750946045,396,0.3969869613647461,True,True,True,0.9952578544616699,0
395,2024-06-24 13:48:12.192259,index_ivf_sq8__cosine_similarity,5.035876750946045,397,0.19638371467590332,True,True,True,0.9927744269371033,0
396,2024-06-24 13:48:12.392329,index_ivf_sq8__cosine_similarity,5.035876750946045,398,0.39663052558898926,True,True,True,0.9982821941375732,0
397,2024-06-24 13:48:12.792744,index_ivf_sq8__cosine_similarity,5.035876750946045,399,0.195465087890625,True,True,True,0.9959295988082886,0
398,2024-06-24 13:48:12.992061,index_ivf_sq8__cosine_similarity,5.035876750946045,400,0.39603209495544434,True,True,True,0.9927892684936523,0
399,2024-06-24 13:48:13.391927,index_ivf_sq8__cosine_similarity,5.035876750946045,401,0.39679741859436035,False,False,False,1.0,0
400,2024-06-24 13:48:13.792404,index_ivf_sq8__cosine_similarity,5.035876750946045,402,0.396106481552124,False,False,False,1.0,0
401,2024-06-24 13:48:14.192191,index_ivf_sq8__cosine_similarity,5.035876750946045,403,0.1954340934753418,True,True,True,0.9960967898368835,0
402,2024-06-24 13:48:14.391346,index_ivf_sq8__cosine_similarity,5.035876750946045,404,0.19669771194458008,False,True,True,0.9991015195846558,0
403,2024-06-24 13:48:14.591490,index_ivf_sq8__cosine_similarity,5.035876750946045,405,0.39687037467956543,False,True,True,0.8745781183242798,0
404,2024-06-24 13:48:14.992091,index_ivf_sq8__cosine_similarity,5.035876750946045,406,0.3960227966308594,True,True,True,0.9991582632064819,0
405,2024-06-24 13:48:15.391893,index_ivf_sq8__cosine_similarity,5.035876750946045,407,0.3958137035369873,False,True,True,0.9989451169967651,0
406,2024-06-24 13:48:15.791525,index_ivf_sq8__cosine_similarity,5.035876750946045,408,0.19652700424194336,False,False,False,1.0,0
407,2024-06-24 13:48:15.991806,index_ivf_sq8__cosine_similarity,5.035876750946045,409,0.19663262367248535,True,True,True,0.9989897012710571,0
408,2024-06-24 13:48:16.192276,index_ivf_sq8__cosine_similarity,5.035876750946045,410,0.39591264724731445,True,True,True,0.9943685531616211,0
409,2024-06-24 13:48:16.591897,index_ivf_sq8__cosine_similarity,5.035876750946045,411,0.39603304862976074,False,True,True,0.9820990562438965,0
410,2024-06-24 13:48:16.991655,index_ivf_sq8__cosine_similarity,5.035876750946045,412,0.19634222984313965,False,True,True,0.9835174083709717,0
411,2024-06-24 13:48:17.191706,index_ivf_sq8__cosine_similarity,5.035876750946045,413,0.39632272720336914,True,True,True,0.9884272217750549,0
412,2024-06-24 13:48:17.591721,index_ivf_sq8__cosine_similarity,5.035876750946045,414,0.19660186767578125,False,False,False,1.0,0
413,2024-06-24 13:48:17.791992,index_ivf_sq8__cosine_similarity,5.035876750946045,415,0.19587182998657227,True,True,True,0.9873396754264832,0
414,2024-06-24 13:48:17.991576,index_ivf_sq8__cosine_similarity,5.035876750946045,416,0.19654464721679688,True,True,True,0.9741687178611755,0
415,2024-06-24 13:48:18.191892,index_ivf_sq8__cosine_similarity,5.035876750946045,417,0.40990543365478516,True,True,True,0.9611230492591858,0
416,2024-06-24 13:48:18.605539,index_ivf_sq8__cosine_similarity,5.035876750946045,418,0.18289470672607422,True,True,True,0.993412435054779,0
417,2024-06-24 13:48:18.792697,index_ivf_sq8__cosine_similarity,5.035876750946045,419,0.3948488235473633,True,True,True,0.9980789422988892,0
418,2024-06-24 13:48:19.191751,index_ivf_sq8__cosine_similarity,5.035876750946045,420,0.3955254554748535,False,True,True,0.9988537430763245,0
419,2024-06-24 13:48:19.591238,index_ivf_sq8__cosine_similarity,5.035876750946045,421,0.19689655303955078,True,True,True,0.9871898889541626,0
420,2024-06-24 13:48:19.792103,index_ivf_sq8__cosine_similarity,5.035876750946045,422,0.39562225341796875,True,True,True,0.995090663433075,0
421,2024-06-24 13:48:20.191679,index_ivf_sq8__cosine_similarity,5.035876750946045,423,0.39577341079711914,False,True,True,0.9974926710128784,0
422,2024-06-24 13:48:20.591379,index_ivf_sq8__cosine_similarity,5.035876750946045,424,0.19686102867126465,True,True,True,0.9984657168388367,0
423,2024-06-24 13:48:20.792156,index_ivf_sq8__cosine_similarity,5.035876750946045,425,0.39578938484191895,True,True,True,0.957330584526062,0
424,2024-06-24 13:48:21.191894,index_ivf_sq8__cosine_similarity,5.035876750946045,426,0.19686079025268555,True,True,True,0.9988570213317871,0
425,2024-06-24 13:48:21.392773,index_ivf_sq8__cosine_similarity,5.035876750946045,427,0.19556903839111328,True,True,True,0.9969012141227722,0
426,2024-06-24 13:48:21.592041,index_ivf_sq8__cosine_similarity,5.035876750946045,428,0.19647479057312012,True,True,True,0.9993755221366882,0
427,2024-06-24 13:48:21.792305,index_ivf_sq8__cosine_similarity,5.035876750946045,429,0.39657020568847656,True,True,True,1.0002036094665527,0
428,2024-06-24 13:48:22.192667,index_ivf_sq8__cosine_similarity,5.035876750946045,430,0.19579482078552246,True,True,True,0.9999580383300781,0
429,2024-06-24 13:48:22.392340,index_ivf_sq8__cosine_similarity,5.035876750946045,431,0.1954970359802246,False,False,False,1.0,0
430,2024-06-24 13:48:22.591737,index_ivf_sq8__cosine_similarity,5.035876750946045,432,0.1960592269897461,True,True,True,0.9991591572761536,0
431,2024-06-24 13:48:22.791536,index_ivf_sq8__cosine_similarity,5.035876750946045,433,0.39710116386413574,True,True,True,0.9911637902259827,0
432,2024-06-24 13:48:23.192321,index_ivf_sq8__cosine_similarity,5.035876750946045,434,0.39640140533447266,True,True,True,0.9994432330131531,0
433,2024-06-24 13:48:23.592435,index_ivf_sq8__cosine_similarity,5.035876750946045,435,0.1959230899810791,False,True,True,0.9984983205795288,0
434,2024-06-24 13:48:23.792149,index_ivf_sq8__cosine_similarity,5.035876750946045,436,0.1960124969482422,True,True,True,0.9996057152748108,0
435,2024-06-24 13:48:23.991946,index_ivf_sq8__cosine_similarity,5.035876750946045,437,0.1963510513305664,True,True,True,0.9991790056228638,0
436,2024-06-24 13:48:24.191971,index_ivf_sq8__cosine_similarity,5.035876750946045,438,0.19581818580627441,True,True,True,0.9981715083122253,0
437,2024-06-24 13:48:24.391648,index_ivf_sq8__cosine_similarity,5.035876750946045,439,0.3959932327270508,True,True,True,0.9989818930625916,0
438,2024-06-24 13:48:24.791512,index_ivf_sq8__cosine_similarity,5.035876750946045,440,0.3965790271759033,True,True,True,0.9983662366867065,0
439,2024-06-24 13:48:25.191862,index_ivf_sq8__cosine_similarity,5.035876750946045,441,0.3965721130371094,True,True,True,0.999357283115387,0
440,2024-06-24 13:48:25.592301,index_ivf_sq8__cosine_similarity,5.035876750946045,442,0.3956141471862793,True,True,True,0.9945510625839233,0
441,2024-06-24 13:48:25.991721,index_ivf_sq8__cosine_similarity,5.035876750946045,443,0.19729828834533691,False,True,True,0.9900779724121094,0
442,2024-06-24 13:48:26.192665,index_ivf_sq8__cosine_similarity,5.035876750946045,444,0.1957850456237793,True,True,True,0.9928833246231079,0
443,2024-06-24 13:48:26.392207,index_ivf_sq8__cosine_similarity,5.035876750946045,445,0.19646000862121582,False,True,True,0.9860540628433228,0
444,2024-06-24 13:48:26.592428,index_ivf_sq8__cosine_similarity,5.035876750946045,446,0.3957226276397705,True,True,True,0.9989051222801208,0
445,2024-06-24 13:48:26.991889,index_ivf_sq8__cosine_similarity,5.035876750946045,447,0.19645333290100098,True,True,True,0.9967151880264282,0
446,2024-06-24 13:48:27.192190,index_ivf_sq8__cosine_similarity,5.035876750946045,448,0.19597959518432617,False,False,False,1.0,0
447,2024-06-24 13:48:27.391909,index_ivf_sq8__cosine_similarity,5.035876750946045,449,0.19602155685424805,True,True,True,0.9961248636245728,0
448,2024-06-24 13:48:27.591619,index_ivf_sq8__cosine_similarity,5.035876750946045,450,0.19665193557739258,False,False,False,1.0,0
449,2024-06-24 13:48:27.791963,index_ivf_sq8__cosine_similarity,5.035876750946045,451,0.39687442779541016,True,True,True,0.9994156360626221,0
450,2024-06-24 13:48:28.192567,index_ivf_sq8__cosine_similarity,5.035876750946045,452,0.19609379768371582,True,True,True,0.9920218586921692,0
451,2024-06-24 13:48:28.392407,index_ivf_sq8__cosine_similarity,5.035876750946045,453,0.3963918685913086,True,True,True,0.9651685953140259,0
452,2024-06-24 13:48:28.792533,index_ivf_sq8__cosine_similarity,5.035876750946045,454,0.3960304260253906,True,True,True,0.9992735385894775,0
453,2024-06-24 13:48:29.192393,index_ivf_sq8__cosine_similarity,5.035876750946045,455,0.3962404727935791,True,True,True,0.9661903381347656,0
454,2024-06-24 13:48:29.592350,index_ivf_sq8__cosine_similarity,5.035876750946045,456,0.39620256423950195,True,True,True,1.0000113248825073,0
455,2024-06-24 13:48:29.992384,index_ivf_sq8__cosine_similarity,5.035876750946045,457,0.3970003128051758,True,True,True,0.9921148419380188,0
456,2024-06-24 13:48:30.393017,index_ivf_sq8__cosine_similarity,5.035876750946045,458,0.39530324935913086,True,True,True,0.9987316131591797,0
457,2024-06-24 13:48:30.791816,index_ivf_sq8__cosine_similarity,5.035876750946045,459,0.1973106861114502,True,True,True,1.0004290342330933,0
458,2024-06-24 13:48:30.993070,index_ivf_sq8__cosine_similarity,5.035876750946045,460,0.39588141441345215,True,True,True,0.9973260164260864,0
459,2024-06-24 13:48:31.392804,index_ivf_sq8__cosine_similarity,5.035876750946045,461,0.19538402557373047,True,True,True,0.9982430338859558,0
460,2024-06-24 13:48:31.592075,index_ivf_sq8__cosine_similarity,5.035876750946045,462,0.1961207389831543,True,True,True,0.9980097413063049,0
461,2024-06-24 13:48:31.792020,index_ivf_sq8__cosine_similarity,5.035876750946045,463,0.1962144374847412,True,True,True,0.9990764856338501,0
462,2024-06-24 13:48:31.991932,index_ivf_sq8__cosine_similarity,5.035876750946045,464,0.1967182159423828,True,True,True,0.9927735924720764,0
463,2024-06-24 13:48:32.192389,index_ivf_sq8__cosine_similarity,5.035876750946045,465,0.3955240249633789,True,True,True,0.9959602355957031,0
464,2024-06-24 13:48:32.591544,index_ivf_sq8__cosine_similarity,5.035876750946045,466,0.19665884971618652,True,True,True,0.9981175661087036,0
465,2024-06-24 13:48:32.791940,index_ivf_sq8__cosine_similarity,5.035876750946045,467,0.19595575332641602,True,True,True,0.9979486465454102,0
466,2024-06-24 13:48:32.991639,index_ivf_sq8__cosine_similarity,5.035876750946045,468,0.39658236503601074,True,True,True,0.9968475699424744,0
467,2024-06-24 13:48:33.392046,index_ivf_sq8__cosine_similarity,5.035876750946045,469,0.1972486972808838,True,True,True,0.9933343529701233,0
468,2024-06-24 13:48:33.592900,index_ivf_sq8__cosine_similarity,5.035876750946045,470,0.39510250091552734,True,True,True,0.9875917434692383,0
469,2024-06-24 13:48:33.991795,index_ivf_sq8__cosine_similarity,5.035876750946045,471,0.3962743282318115,True,True,True,0.9940793514251709,0
470,2024-06-24 13:48:34.392037,index_ivf_sq8__cosine_similarity,5.035876750946045,472,0.3957228660583496,True,True,True,0.9995094537734985,0
471,2024-06-24 13:48:34.791454,index_ivf_sq8__cosine_similarity,5.035876750946045,473,0.2025132179260254,True,True,True,0.9998089671134949,0
472,2024-06-24 13:48:34.998632,index_ivf_sq8__cosine_similarity,5.035876750946045,474,0.18620800971984863,True,True,True,0.9962010383605957,0
473,2024-06-24 13:48:35.191728,index_ivf_sq8__cosine_similarity,5.035876750946045,475,0.19660735130310059,False,True,True,0.9898213148117065,0
474,2024-06-24 13:48:35.392137,index_ivf_sq8__cosine_similarity,5.035876750946045,477,0.3963155746459961,True,True,True,0.9991318583488464,0
475,2024-06-24 13:48:35.792194,index_ivf_sq8__cosine_similarity,5.035876750946045,478,0.19525814056396484,True,True,True,0.9974257349967957,0
476,2024-06-24 13:48:35.991179,index_ivf_sq8__cosine_similarity,5.035876750946045,479,0.21615958213806152,False,True,True,0.9988424181938171,0
477,2024-06-24 13:48:36.211342,index_ivf_sq8__cosine_similarity,5.035876750946045,480,0.37758636474609375,True,True,True,0.9996826648712158,0
478,2024-06-24 13:48:36.592738,index_ivf_sq8__cosine_similarity,5.035876750946045,481,0.19493770599365234,True,True,True,0.9969817399978638,0
479,2024-06-24 13:48:36.792060,index_ivf_sq8__cosine_similarity,5.035876750946045,482,0.19605326652526855,True,True,True,0.953320324420929,0
480,2024-06-24 13:48:36.992460,index_ivf_sq8__cosine_similarity,5.035876750946045,483,0.3955845832824707,True,True,True,0.9989426136016846,0
481,2024-06-24 13:48:37.391821,index_ivf_sq8__cosine_similarity,5.035876750946045,484,0.19798636436462402,True,True,True,0.9926464557647705,0
482,2024-06-24 13:48:37.593653,index_ivf_sq8__cosine_similarity,5.035876750946045,485,0.19495677947998047,True,True,True,0.999424159526825,0
483,2024-06-24 13:48:37.792589,index_ivf_sq8__cosine_similarity,5.035876750946045,486,0.39682674407958984,True,True,True,0.9978602528572083,0
484,2024-06-24 13:48:38.193324,index_ivf_sq8__cosine_similarity,5.035876750946045,487,0.39571189880371094,True,True,True,0.993492603302002,0
485,2024-06-24 13:48:38.593004,index_ivf_sq8__cosine_similarity,5.035876750946045,488,0.19397711753845215,True,True,True,0.998915433883667,0
486,2024-06-24 13:48:38.791120,index_ivf_sq8__cosine_similarity,5.035876750946045,489,0.1961221694946289,False,False,False,1.0,0
487,2024-06-24 13:48:38.991152,index_ivf_sq8__cosine_similarity,5.035876750946045,490,0.3972010612487793,True,True,True,0.9988657236099243,0
488,2024-06-24 13:48:39.392250,index_ivf_sq8__cosine_similarity,5.035876750946045,491,0.19551634788513184,True,True,True,0.955232560634613,0
489,2024-06-24 13:48:39.591887,index_ivf_sq8__cosine_similarity,5.035876750946045,492,0.39683103561401367,True,True,True,0.9834307432174683,0
490,2024-06-24 13:48:39.992495,index_ivf_sq8__cosine_similarity,5.035876750946045,493,0.3958625793457031,True,True,True,0.9841861724853516,0
491,2024-06-24 13:48:40.392505,index_ivf_sq8__cosine_similarity,5.035876750946045,494,0.19437313079833984,True,True,True,0.9977754354476929,0
492,2024-06-24 13:48:40.590619,index_ivf_sq8__cosine_similarity,5.035876750946045,495,0.39928364753723145,True,True,True,0.9996481537818909,0
493,2024-06-24 13:48:40.992646,index_ivf_sq8__cosine_similarity,5.035876750946045,496,0.1956191062927246,True,True,True,0.9607624411582947,0
494,2024-06-24 13:48:41.192232,index_ivf_sq8__cosine_similarity,5.035876750946045,497,0.3967912197113037,True,True,True,0.9888188242912292,0
495,2024-06-24 13:48:41.593426,index_ivf_sq8__cosine_similarity,5.035876750946045,498,0.19468426704406738,True,True,True,0.9988095760345459,0
496,2024-06-24 13:48:41.792078,index_ivf_sq8__cosine_similarity,5.035876750946045,499,0.19880008697509766,False,True,True,0.9964667558670044,0
497,2024-06-24 13:48:41.994762,index_ivf_sq8__cosine_similarity,5.035876750946045,500,0.19226408004760742,True,True,True,0.9974528551101685,0
498,2024-06-24 13:48:42.191909,index_ivf_sq8__cosine_similarity,5.035876750946045,501,0.4018692970275879,True,True,True,0.9937955141067505,0
499,2024-06-24 13:48:42.597630,index_ivf_sq8__cosine_similarity,5.035876750946045,502,0.19099020957946777,True,True,True,0.9977439045906067,0
500,2024-06-24 13:48:42.792603,index_ivf_sq8__cosine_similarity,5.035876750946045,503,0.1972510814666748,False,True,True,0.9759471416473389,0
501,2024-06-24 13:48:42.993770,index_ivf_sq8__cosine_similarity,5.035876750946045,504,0.3936798572540283,True,True,True,0.9996509552001953,0
502,2024-06-24 13:48:43.391762,index_ivf_sq8__cosine_similarity,5.035876750946045,505,0.1963813304901123,False,True,True,0.9967577457427979,0
503,2024-06-24 13:48:43.592049,index_ivf_sq8__cosine_similarity,5.035876750946045,506,0.39618921279907227,True,True,True,0.998863160610199,0
504,2024-06-24 13:48:43.992831,index_ivf_sq8__cosine_similarity,5.035876750946045,507,0.395251989364624,True,True,True,0.9992612600326538,0
505,2024-06-24 13:48:44.391998,index_ivf_sq8__cosine_similarity,5.035876750946045,508,0.19556593894958496,True,True,True,0.9882128834724426,0
506,2024-06-24 13:48:44.591439,index_ivf_sq8__cosine_similarity,5.035876750946045,509,0.1964116096496582,True,True,True,0.996271550655365,0
507,2024-06-24 13:48:44.791698,index_ivf_sq8__cosine_similarity,5.035876750946045,510,0.3968536853790283,False,False,False,1.0,0
508,2024-06-24 13:48:45.192567,index_ivf_sq8__cosine_similarity,5.035876750946045,511,0.1958298683166504,False,True,True,0.9983289837837219,0
509,2024-06-24 13:48:45.392274,index_ivf_sq8__cosine_similarity,5.035876750946045,512,0.39542531967163086,True,True,True,0.9965635538101196,0
510,2024-06-24 13:48:45.791488,index_ivf_sq8__cosine_similarity,5.035876750946045,513,0.396806001663208,False,False,False,1.0,0
511,2024-06-24 13:48:46.192037,index_ivf_sq8__cosine_similarity,5.035876750946045,514,0.39630770683288574,True,True,True,0.9558872580528259,0
512,2024-06-24 13:48:46.592078,index_ivf_sq8__cosine_similarity,5.035876750946045,515,0.19639253616333008,True,True,True,0.9954126477241516,0
513,2024-06-24 13:48:46.792367,index_ivf_sq8__cosine_similarity,5.035876750946045,516,0.19616174697875977,True,True,True,0.9987943172454834,0
514,2024-06-24 13:48:46.992382,index_ivf_sq8__cosine_similarity,5.035876750946045,517,0.39540886878967285,True,True,True,0.9843480587005615,0
515,2024-06-24 13:48:47.391867,index_ivf_sq8__cosine_similarity,5.035876750946045,518,0.3965437412261963,True,True,True,0.9928187131881714,0
516,2024-06-24 13:48:47.792222,index_ivf_sq8__cosine_similarity,5.035876750946045,520,0.17401361465454102,True,True,True,0.9745412468910217,0
517,2024-06-24 13:48:47.991817,index_ivf_sq8__cosine_similarity,5.035876750946045,521,0.19692182540893555,True,True,True,0.9998419284820557,0
518,2024-06-24 13:48:48.192512,index_ivf_sq8__cosine_similarity,5.035876750946045,522,0.19580388069152832,True,True,True,0.9995713829994202,0
519,2024-06-24 13:48:48.392317,index_ivf_sq8__cosine_similarity,5.035876750946045,523,0.19618844985961914,True,True,True,0.9989317059516907,0
520,2024-06-24 13:48:48.592487,index_ivf_sq8__cosine_similarity,5.035876750946045,524,0.19631361961364746,True,True,True,0.9935530424118042,0
521,2024-06-24 13:48:48.792895,index_ivf_sq8__cosine_similarity,5.035876750946045,525,0.3896944522857666,True,True,True,0.9975717067718506,0
522,2024-06-24 13:48:49.191876,index_ivf_sq8__cosine_similarity,5.035876750946045,526,0.396406888961792,False,True,True,0.9965192675590515,0
523,2024-06-24 13:48:49.592040,index_ivf_sq8__cosine_similarity,5.035876750946045,527,0.1971285343170166,False,True,True,0.9668287038803101,0
524,2024-06-24 13:48:49.792747,index_ivf_sq8__cosine_similarity,5.035876750946045,528,0.19635772705078125,True,True,True,0.9995331168174744,0
525,2024-06-24 13:48:49.992686,index_ivf_sq8__cosine_similarity,5.035876750946045,529,0.3968465328216553,True,True,True,0.9987295866012573,0
526,2024-06-24 13:48:50.391876,index_ivf_sq8__cosine_similarity,5.035876750946045,530,0.3971443176269531,False,True,True,0.9670926928520203,0
527,2024-06-24 13:48:50.791460,index_ivf_sq8__cosine_similarity,5.035876750946045,531,0.19673538208007812,True,True,True,0.9608420133590698,0
528,2024-06-24 13:48:50.991594,index_ivf_sq8__cosine_similarity,5.035876750946045,532,0.3973362445831299,True,True,True,0.9997678399085999,0
529,2024-06-24 13:48:51.391311,index_ivf_sq8__cosine_similarity,5.035876750946045,533,0.19849061965942383,False,True,True,0.9492896795272827,0
530,2024-06-24 13:48:51.592063,index_ivf_sq8__cosine_similarity,5.035876750946045,534,0.39598798751831055,True,True,True,0.9967446327209473,0
531,2024-06-24 13:48:51.991997,index_ivf_sq8__cosine_similarity,5.035876750946045,535,0.3951859474182129,True,True,True,0.9992247819900513,0
532,2024-06-24 13:48:52.391779,index_ivf_sq8__cosine_similarity,5.035876750946045,536,0.39725637435913086,True,True,True,0.9495820999145508,0
533,2024-06-24 13:48:52.793135,index_ivf_sq8__cosine_similarity,5.035876750946045,537,0.196061372756958,True,True,True,0.998416543006897,0
534,2024-06-24 13:48:52.993002,index_ivf_sq8__cosine_similarity,5.035876750946045,538,0.3964197635650635,True,True,True,0.9995425939559937,0
535,2024-06-24 13:48:53.392247,index_ivf_sq8__cosine_similarity,5.035876750946045,539,0.19638419151306152,False,False,False,1.0,0
536,2024-06-24 13:48:53.590986,index_ivf_sq8__cosine_similarity,5.035876750946045,540,0.20845746994018555,False,True,True,0.9668433666229248,0
537,2024-06-24 13:48:53.801542,index_ivf_sq8__cosine_similarity,5.035876750946045,541,0.42443370819091797,True,True,True,0.999982476234436,0
538,2024-06-24 13:48:54.228609,index_ivf_sq8__cosine_similarity,5.035876750946045,542,0.3841545581817627,True,True,True,0.9984962940216064,0
539,2024-06-24 13:48:54.615808,index_ivf_sq8__cosine_similarity,5.035876750946045,543,0.18631505966186523,False,True,True,0.9897371530532837,0
540,2024-06-24 13:48:54.809088,index_ivf_sq8__cosine_similarity,5.035876750946045,544,0.4640955924987793,True,True,True,0.9963234663009644,0
541,2024-06-24 13:48:55.277406,index_ivf_sq8__cosine_similarity,5.035876750946045,545,0.1286149024963379,True,True,True,0.9974049925804138,0
542,2024-06-24 13:48:55.409124,index_ivf_sq8__cosine_similarity,5.035876750946045,546,0.212357759475708,True,True,True,0.9987475275993347,0
543,2024-06-24 13:48:55.624494,index_ivf_sq8__cosine_similarity,5.035876750946045,547,0.552753210067749,True,True,True,0.9998548030853271,0
544,2024-06-24 13:48:56.180330,index_ivf_sq8__cosine_similarity,5.035876750946045,548,0.3087894916534424,True,True,True,0.9994217753410339,0
545,2024-06-24 13:48:56.492284,index_ivf_sq8__cosine_similarity,5.035876750946045,549,0.36180734634399414,True,True,True,0.998894214630127,0
546,2024-06-24 13:48:56.857160,index_ivf_sq8__cosine_similarity,5.035876750946045,550,0.4061119556427002,True,True,True,0.9991285800933838,0
547,2024-06-24 13:48:57.266197,index_ivf_sq8__cosine_similarity,5.035876750946045,551,0.15402770042419434,True,True,True,0.9707145690917969,0
548,2024-06-24 13:48:57.423041,index_ivf_sq8__cosine_similarity,5.035876750946045,552,0.45157337188720703,False,True,True,0.9993891716003418,0
549,2024-06-24 13:48:57.877652,index_ivf_sq8__cosine_similarity,5.035876750946045,553,0.3404223918914795,False,True,True,0.996153712272644,0
550,2024-06-24 13:48:58.220925,index_ivf_sq8__cosine_similarity,5.035876750946045,554,0.18088364601135254,False,True,True,0.9971252083778381,0
551,2024-06-24 13:48:58.404773,index_ivf_sq8__cosine_similarity,5.035876750946045,555,0.4201362133026123,False,True,True,0.9947534799575806,0
552,2024-06-24 13:48:58.828573,index_ivf_sq8__cosine_similarity,5.035876750946045,556,0.19399523735046387,True,True,True,0.9993966221809387,0
553,2024-06-24 13:48:59.025505,index_ivf_sq8__cosine_similarity,5.035876750946045,557,0.1806044578552246,True,True,True,0.9995254278182983,0
554,2024-06-24 13:48:59.209125,index_ivf_sq8__cosine_similarity,5.035876750946045,558,0.2176806926727295,False,True,True,0.9930193424224854,0
555,2024-06-24 13:48:59.429633,index_ivf_sq8__cosine_similarity,5.035876750946045,559,0.24758553504943848,True,True,True,0.9682274460792542,0
556,2024-06-24 13:48:59.680287,index_ivf_sq8__cosine_similarity,5.035876750946045,560,0.4276905059814453,False,True,True,0.9372419714927673,0
557,2024-06-24 13:49:00.110950,index_ivf_sq8__cosine_similarity,5.035876750946045,561,0.5826740264892578,True,True,True,0.9949021339416504,0
558,2024-06-24 13:49:00.696630,index_ivf_sq8__cosine_similarity,5.035876750946045,562,0.3548455238342285,False,True,True,0.9976035952568054,0
559,2024-06-24 13:49:01.054276,index_ivf_sq8__cosine_similarity,5.035876750946045,563,0.19151067733764648,True,True,True,0.9986407160758972,0
560,2024-06-24 13:49:01.248635,index_ivf_sq8__cosine_similarity,5.035876750946045,564,0.15497374534606934,True,True,True,0.9942718148231506,0
561,2024-06-24 13:49:01.406457,index_ivf_sq8__cosine_similarity,5.035876750946045,565,0.22906827926635742,True,True,True,0.9956780672073364,0
562,2024-06-24 13:49:01.638459,index_ivf_sq8__cosine_similarity,5.035876750946045,566,0.35495996475219727,False,True,True,0.9915731549263,0
563,2024-06-24 13:49:01.996566,index_ivf_sq8__cosine_similarity,5.035876750946045,567,0.4834628105163574,True,True,True,0.9883358478546143,0
564,2024-06-24 13:49:02.483252,index_ivf_sq8__cosine_similarity,5.035876750946045,568,0.3389620780944824,True,True,True,0.9936826229095459,0
565,2024-06-24 13:49:02.825590,index_ivf_sq8__cosine_similarity,5.035876750946045,569,0.44721150398254395,True,True,True,0.9733027219772339,0
566,2024-06-24 13:49:03.275686,index_ivf_sq8__cosine_similarity,5.035876750946045,570,0.11783218383789062,True,True,True,0.9775561094284058,0
567,2024-06-24 13:49:03.396213,index_ivf_sq8__cosine_similarity,5.035876750946045,571,0.4156467914581299,True,True,True,0.9932051301002502,0
568,2024-06-24 13:49:03.814693,index_ivf_sq8__cosine_similarity,5.035876750946045,572,0.4395873546600342,True,True,True,0.9705173969268799,0
569,2024-06-24 13:49:04.257164,index_ivf_sq8__cosine_similarity,5.035876750946045,573,0.17328333854675293,True,True,True,0.9995668530464172,0
570,2024-06-24 13:49:04.433349,index_ivf_sq8__cosine_similarity,5.035876750946045,574,0.17419719696044922,True,True,True,0.9991359710693359,0
571,2024-06-24 13:49:04.610683,index_ivf_sq8__cosine_similarity,5.035876750946045,575,0.40930843353271484,True,True,True,0.9939041137695312,0
572,2024-06-24 13:49:05.022887,index_ivf_sq8__cosine_similarity,5.035876750946045,576,0.41533827781677246,True,True,True,0.9982203245162964,0
573,2024-06-24 13:49:05.441169,index_ivf_sq8__cosine_similarity,5.035876750946045,577,0.39527034759521484,True,True,True,0.9631156921386719,0
574,2024-06-24 13:49:05.838765,index_ivf_sq8__cosine_similarity,5.035876750946045,578,0.3735675811767578,True,True,True,0.9965774416923523,0
575,2024-06-24 13:49:06.214781,index_ivf_sq8__cosine_similarity,5.035876750946045,579,0.2755892276763916,True,True,True,0.9841600656509399,0
576,2024-06-24 13:49:06.493568,index_ivf_sq8__cosine_similarity,5.035876750946045,580,0.3475773334503174,True,True,True,0.9693708419799805,0
577,2024-06-24 13:49:06.844069,index_ivf_sq8__cosine_similarity,5.035876750946045,581,0.36801767349243164,True,True,True,0.9945554137229919,0
578,2024-06-24 13:49:07.214951,index_ivf_sq8__cosine_similarity,5.035876750946045,582,0.4728548526763916,True,True,True,0.9583731293678284,0
579,2024-06-24 13:49:07.690638,index_ivf_sq8__cosine_similarity,5.035876750946045,583,0.3578062057495117,True,True,True,0.9979655742645264,0
580,2024-06-24 13:49:08.051367,index_ivf_sq8__cosine_similarity,5.035876750946045,584,0.1910395622253418,True,True,True,0.9997954964637756,0
581,2024-06-24 13:49:08.245604,index_ivf_sq8__cosine_similarity,5.035876750946045,585,0.1847832202911377,True,True,True,0.9845507740974426,0
582,2024-06-24 13:49:08.433350,index_ivf_sq8__cosine_similarity,5.035876750946045,586,0.38556885719299316,True,True,True,0.9940600991249084,0
583,2024-06-24 13:49:08.821833,index_ivf_sq8__cosine_similarity,5.035876750946045,587,0.4335503578186035,True,True,True,0.9900596141815186,0
584,2024-06-24 13:49:09.258248,index_ivf_sq8__cosine_similarity,5.035876750946045,588,0.2008681297302246,False,False,False,1.0,0
585,2024-06-24 13:49:09.462039,index_ivf_sq8__cosine_similarity,5.035876750946045,589,0.1701204776763916,True,True,True,0.9999690651893616,0
586,2024-06-24 13:49:09.634996,index_ivf_sq8__cosine_similarity,5.035876750946045,590,0.3661980628967285,False,True,True,0.9937297701835632,0
587,2024-06-24 13:49:10.003964,index_ivf_sq8__cosine_similarity,5.035876750946045,591,0.43506503105163574,True,True,True,0.9735456705093384,0
588,2024-06-24 13:49:10.441353,index_ivf_sq8__cosine_similarity,5.035876750946045,592,0.17752337455749512,True,True,True,0.98012775182724,0
589,2024-06-24 13:49:10.621852,index_ivf_sq8__cosine_similarity,5.035876750946045,593,0.40411853790283203,False,False,False,1.0,0
590,2024-06-24 13:49:11.028885,index_ivf_sq8__cosine_similarity,5.035876750946045,594,0.20592260360717773,False,True,True,0.9969041347503662,0
591,2024-06-24 13:49:11.237946,index_ivf_sq8__cosine_similarity,5.035876750946045,595,0.45806407928466797,True,True,True,0.9807149171829224,0
592,2024-06-24 13:49:11.698761,index_ivf_sq8__cosine_similarity,5.035876750946045,596,0.36142849922180176,True,True,True,0.9951599836349487,0
593,2024-06-24 13:49:12.063087,index_ivf_sq8__cosine_similarity,5.035876750946045,597,0.5032863616943359,True,True,True,0.9643575549125671,0
594,2024-06-24 13:49:12.569107,index_ivf_sq8__cosine_similarity,5.035876750946045,598,0.28761887550354004,True,True,True,0.9971498847007751,0
595,2024-06-24 13:49:12.859523,index_ivf_sq8__cosine_similarity,5.035876750946045,599,0.1554112434387207,False,True,True,0.9185471534729004,0
596,2024-06-24 13:49:13.017797,index_ivf_sq8__cosine_similarity,5.035876750946045,600,0.48853230476379395,False,True,True,0.995877206325531,0
597,2024-06-24 13:49:13.509290,index_ivf_sq8__cosine_similarity,5.035876750946045,601,0.3913295269012451,False,True,True,0.9993865489959717,0
598,2024-06-24 13:49:13.903514,index_ivf_sq8__cosine_similarity,5.035876750946045,602,0.30980420112609863,True,True,True,0.9994586706161499,0
599,2024-06-24 13:49:14.216112,index_ivf_sq8__cosine_similarity,5.035876750946045,603,0.4022245407104492,True,True,True,0.9957244396209717,0
600,2024-06-24 13:49:14.621302,index_ivf_sq8__cosine_similarity,5.035876750946045,604,0.20293641090393066,True,True,True,1.000430703163147,0
601,2024-06-24 13:49:14.827519,index_ivf_sq8__cosine_similarity,5.035876750946045,605,0.26403021812438965,True,True,True,0.9999189972877502,0
602,2024-06-24 13:49:15.094584,index_ivf_sq8__cosine_similarity,5.035876750946045,606,0.3925151824951172,True,True,True,0.9996640682220459,0
603,2024-06-24 13:49:15.490211,index_ivf_sq8__cosine_similarity,5.035876750946045,607,0.3431277275085449,True,True,True,0.9993051290512085,0
604,2024-06-24 13:49:15.836294,index_ivf_sq8__cosine_similarity,5.035876750946045,608,0.22659730911254883,True,True,True,0.9522034525871277,0
605,2024-06-24 13:49:16.080625,index_ivf_sq8__cosine_similarity,5.035876750946045,609,0.3904290199279785,False,True,True,0.9980310797691345,0
606,2024-06-24 13:49:16.474037,index_ivf_sq8__cosine_similarity,5.035876750946045,610,0.31435441970825195,True,True,True,0.9960453510284424,0
607,2024-06-24 13:49:16.791129,index_ivf_sq8__cosine_similarity,5.035876750946045,611,0.40759778022766113,False,True,True,1.0000015497207642,0
608,2024-06-24 13:49:17.202352,index_ivf_sq8__cosine_similarity,5.035876750946045,612,0.38661980628967285,False,True,True,0.971121072769165,0
609,2024-06-24 13:49:17.592913,index_ivf_sq8__cosine_similarity,5.035876750946045,613,0.40480804443359375,True,True,True,0.9839053750038147,0
610,2024-06-24 13:49:18.001726,index_ivf_sq8__cosine_similarity,5.035876750946045,614,0.38440823554992676,True,True,True,0.9993757009506226,0
611,2024-06-24 13:49:18.391734,index_ivf_sq8__cosine_similarity,5.035876750946045,615,0.4013063907623291,False,True,True,0.9989883303642273,0
612,2024-06-24 13:49:18.795144,index_ivf_sq8__cosine_similarity,5.035876750946045,616,0.4045290946960449,False,False,False,1.0,0
613,2024-06-24 13:49:19.203560,index_ivf_sq8__cosine_similarity,5.035876750946045,617,0.3885507583618164,True,True,True,0.9735910296440125,0
614,2024-06-24 13:49:19.598069,index_ivf_sq8__cosine_similarity,5.035876750946045,618,0.39014101028442383,False,True,True,0.9921255111694336,0
615,2024-06-24 13:49:19.991686,index_ivf_sq8__cosine_similarity,5.035876750946045,619,0.39891982078552246,False,False,False,1.0,0
616,2024-06-24 13:49:20.393743,index_ivf_sq8__cosine_similarity,5.035876750946045,620,0.396160364151001,True,True,True,0.9920645356178284,0
617,2024-06-24 13:49:20.792393,index_ivf_sq8__cosine_similarity,5.035876750946045,621,0.1973426342010498,True,True,True,0.9976842403411865,0
618,2024-06-24 13:49:20.993687,index_ivf_sq8__cosine_similarity,5.035876750946045,622,0.3942890167236328,True,True,True,1.0000284910202026,0
619,2024-06-24 13:49:21.392080,index_ivf_sq8__cosine_similarity,5.035876750946045,623,0.1962888240814209,True,True,True,0.9993903636932373,0
620,2024-06-24 13:49:21.591981,index_ivf_sq8__cosine_similarity,5.035876750946045,624,0.39732813835144043,True,True,True,0.9966065287590027,0
621,2024-06-24 13:49:21.993286,index_ivf_sq8__cosine_similarity,5.035876750946045,625,0.39529895782470703,True,True,True,0.9990397691726685,0
622,2024-06-24 13:49:22.392491,index_ivf_sq8__cosine_similarity,5.035876750946045,626,0.40816617012023926,False,True,True,0.9058743119239807,0
623,2024-06-24 13:49:22.804546,index_ivf_sq8__cosine_similarity,5.035876750946045,627,0.1844015121459961,False,True,True,0.9856311678886414,0
624,2024-06-24 13:49:22.992759,index_ivf_sq8__cosine_similarity,5.035876750946045,628,0.39507412910461426,True,True,True,0.9961627721786499,0
625,2024-06-24 13:49:23.391865,index_ivf_sq8__cosine_similarity,5.035876750946045,629,0.39651989936828613,False,True,True,0.9766709804534912,0
626,2024-06-24 13:49:23.791991,index_ivf_sq8__cosine_similarity,5.035876750946045,630,0.39638710021972656,False,False,True,0.9469884634017944,0
627,2024-06-24 13:49:24.191988,index_ivf_sq8__cosine_similarity,5.035876750946045,631,0.39672136306762695,True,True,True,0.9995530843734741,0
628,2024-06-24 13:49:24.592433,index_ivf_sq8__cosine_similarity,5.035876750946045,632,0.3958895206451416,True,True,True,0.9968019723892212,0
629,2024-06-24 13:49:24.992069,index_ivf_sq8__cosine_similarity,5.035876750946045,633,0.3965458869934082,True,True,True,0.9996747374534607,0
630,2024-06-24 13:49:25.392447,index_ivf_sq8__cosine_similarity,5.035876750946045,634,0.19614577293395996,True,True,True,0.9970536231994629,0
631,2024-06-24 13:49:25.592270,index_ivf_sq8__cosine_similarity,5.035876750946045,635,0.1968841552734375,False,True,True,0.9989333748817444,0
632,2024-06-24 13:49:25.792801,index_ivf_sq8__cosine_similarity,5.035876750946045,636,0.19469809532165527,False,True,True,0.9964938163757324,0
633,2024-06-24 13:49:25.991326,index_ivf_sq8__cosine_similarity,5.035876750946045,637,0.19979262351989746,True,True,True,0.9981052279472351,0
634,2024-06-24 13:49:26.195035,index_ivf_sq8__cosine_similarity,5.035876750946045,638,0.19350719451904297,True,True,True,0.992877721786499,0
635,2024-06-24 13:49:26.392255,index_ivf_sq8__cosine_similarity,5.035876750946045,639,0.395413875579834,True,True,True,0.996738612651825,0
636,2024-06-24 13:49:26.791317,index_ivf_sq8__cosine_similarity,5.035876750946045,640,0.3978736400604248,False,True,True,0.9952424764633179,0
637,2024-06-24 13:49:27.193063,index_ivf_sq8__cosine_similarity,5.035876750946045,641,0.3945119380950928,False,True,True,0.9966748356819153,0
638,2024-06-24 13:49:27.591317,index_ivf_sq8__cosine_similarity,5.035876750946045,642,0.3968241214752197,False,True,True,0.9470670223236084,0
639,2024-06-24 13:49:27.992081,index_ivf_sq8__cosine_similarity,5.035876750946045,643,0.19611716270446777,True,True,True,0.9927822947502136,0
640,2024-06-24 13:49:28.192283,index_ivf_sq8__cosine_similarity,5.035876750946045,644,0.1957857608795166,True,True,True,0.9964030981063843,0
641,2024-06-24 13:49:28.392096,index_ivf_sq8__cosine_similarity,5.035876750946045,645,0.1958165168762207,False,True,True,0.9948358535766602,0
642,2024-06-24 13:49:28.591698,index_ivf_sq8__cosine_similarity,5.035876750946045,646,0.39652180671691895,False,True,True,0.997616171836853,0
643,2024-06-24 13:49:28.992180,index_ivf_sq8__cosine_similarity,5.035876750946045,647,0.39620089530944824,False,True,True,0.9987766146659851,0
644,2024-06-24 13:49:29.392393,index_ivf_sq8__cosine_similarity,5.035876750946045,648,0.3959376811981201,True,True,True,0.9974374175071716,0
645,2024-06-24 13:49:29.792312,index_ivf_sq8__cosine_similarity,5.035876750946045,649,0.1954805850982666,True,True,True,0.9963957071304321,0
646,2024-06-24 13:49:29.992256,index_ivf_sq8__cosine_similarity,5.035876750946045,650,0.3954792022705078,False,True,True,0.9970425367355347,0
647,2024-06-24 13:49:30.392116,index_ivf_sq8__cosine_similarity,5.035876750946045,651,0.39638805389404297,True,True,True,0.9995571374893188,0
648,2024-06-24 13:49:30.792422,index_ivf_sq8__cosine_similarity,5.035876750946045,652,0.39553332328796387,True,True,True,0.9989073872566223,0
649,2024-06-24 13:49:31.192013,index_ivf_sq8__cosine_similarity,5.035876750946045,653,0.394686222076416,True,True,True,0.944908857345581,0
650,2024-06-24 13:49:31.590614,index_ivf_sq8__cosine_similarity,5.035876750946045,654,0.19690179824829102,False,True,True,0.9978221654891968,0
651,2024-06-24 13:49:31.791228,index_ivf_sq8__cosine_similarity,5.035876750946045,655,0.1961965560913086,False,True,True,0.9761425256729126,0
652,2024-06-24 13:49:31.991112,index_ivf_sq8__cosine_similarity,5.035876750946045,656,0.19640660285949707,True,True,True,0.9966045618057251,0
653,2024-06-24 13:49:32.191315,index_ivf_sq8__cosine_similarity,5.035876750946045,657,0.19609737396240234,True,True,True,0.9991375207901001,0
654,2024-06-24 13:49:32.391166,index_ivf_sq8__cosine_similarity,5.035876750946045,658,0.19626641273498535,True,True,True,0.9872633814811707,0
655,2024-06-24 13:49:32.591182,index_ivf_sq8__cosine_similarity,5.035876750946045,659,0.396268367767334,False,True,True,0.9964253306388855,0
656,2024-06-24 13:49:32.991310,index_ivf_sq8__cosine_similarity,5.035876750946045,660,0.19536209106445312,True,True,True,0.9663023948669434,0
657,2024-06-24 13:49:33.190273,index_ivf_sq8__cosine_similarity,5.035876750946045,661,0.19841933250427246,True,True,True,0.9936612248420715,0
658,2024-06-24 13:49:33.390959,index_ivf_sq8__cosine_similarity,5.035876750946045,662,0.3964071273803711,True,True,True,0.9818379878997803,0
659,2024-06-24 13:49:33.791058,index_ivf_sq8__cosine_similarity,5.035876750946045,663,0.3962850570678711,False,False,False,1.0,0
660,2024-06-24 13:49:34.191006,index_ivf_sq8__cosine_similarity,5.035876750946045,664,0.1964259147644043,False,True,True,0.9729718565940857,0
661,2024-06-24 13:49:34.391337,index_ivf_sq8__cosine_similarity,5.035876750946045,665,0.19620084762573242,True,True,True,0.9999491572380066,0
662,2024-06-24 13:49:34.591250,index_ivf_sq8__cosine_similarity,5.035876750946045,666,0.19603657722473145,True,True,True,0.9973742365837097,0
663,2024-06-24 13:49:34.791040,index_ivf_sq8__cosine_similarity,5.035876750946045,667,0.1965775489807129,True,True,True,0.9998243451118469,0
664,2024-06-24 13:49:34.991454,index_ivf_sq8__cosine_similarity,5.035876750946045,668,0.395946741104126,True,True,True,0.9998504519462585,0
665,2024-06-24 13:49:35.391484,index_ivf_sq8__cosine_similarity,5.035876750946045,670,0.1766493320465088,True,True,True,0.9986044764518738,0
666,2024-06-24 13:49:35.591578,index_ivf_sq8__cosine_similarity,5.035876750946045,671,0.19623374938964844,False,False,False,1.0,0
667,2024-06-24 13:49:35.791525,index_ivf_sq8__cosine_similarity,5.035876750946045,672,0.39606475830078125,True,True,True,0.998476505279541,0
668,2024-06-24 13:49:36.191239,index_ivf_sq8__cosine_similarity,5.035876750946045,673,0.39691734313964844,True,True,True,0.999120831489563,0
669,2024-06-24 13:49:36.591844,index_ivf_sq8__cosine_similarity,5.035876750946045,674,0.39534711837768555,True,True,True,0.9984800815582275,0
670,2024-06-24 13:49:36.990933,index_ivf_sq8__cosine_similarity,5.035876750946045,675,0.19678997993469238,False,True,True,0.9899259805679321,0
671,2024-06-24 13:49:37.191445,index_ivf_sq8__cosine_similarity,5.035876750946045,676,0.396129846572876,True,True,True,0.993545651435852,0
672,2024-06-24 13:49:37.591374,index_ivf_sq8__cosine_similarity,5.035876750946045,677,0.3964104652404785,False,False,False,1.0,0
673,2024-06-24 13:49:37.991517,index_ivf_sq8__cosine_similarity,5.035876750946045,678,0.19572687149047852,False,True,True,0.9653711318969727,0
674,2024-06-24 13:49:38.190992,index_ivf_sq8__cosine_similarity,5.035876750946045,679,0.19683456420898438,True,True,True,0.9979292750358582,0
675,2024-06-24 13:49:38.391650,index_ivf_sq8__cosine_similarity,5.035876750946045,680,0.3955240249633789,True,True,True,0.9614121913909912,0
676,2024-06-24 13:49:38.790844,index_ivf_sq8__cosine_similarity,5.035876750946045,681,0.19681978225708008,True,True,True,0.9965709447860718,0
677,2024-06-24 13:49:38.991503,index_ivf_sq8__cosine_similarity,5.035876750946045,682,0.3960096836090088,False,True,True,0.9993603825569153,0
678,2024-06-24 13:49:39.391460,index_ivf_sq8__cosine_similarity,5.035876750946045,683,0.19606399536132812,True,True,True,0.9995776414871216,0
679,2024-06-24 13:49:39.591242,index_ivf_sq8__cosine_similarity,5.035876750946045,684,0.19659423828125,True,True,True,0.9947227239608765,0
680,2024-06-24 13:49:39.791572,index_ivf_sq8__cosine_similarity,5.035876750946045,685,0.39650511741638184,True,True,True,0.9994426369667053,0
681,2024-06-24 13:49:40.191910,index_ivf_sq8__cosine_similarity,5.035876750946045,686,0.19556379318237305,False,True,True,0.9649854302406311,0
682,2024-06-24 13:49:40.391335,index_ivf_sq8__cosine_similarity,5.035876750946045,687,0.40210890769958496,True,True,True,0.9977315664291382,0
683,2024-06-24 13:49:40.797207,index_ivf_sq8__cosine_similarity,5.035876750946045,688,0.39013195037841797,True,True,True,0.9997780919075012,0
684,2024-06-24 13:49:41.191343,index_ivf_sq8__cosine_similarity,5.035876750946045,689,0.19637179374694824,False,True,True,0.9986321926116943,0
685,2024-06-24 13:49:41.391586,index_ivf_sq8__cosine_similarity,5.035876750946045,690,0.19642043113708496,False,True,True,0.9990295767784119,0
686,2024-06-24 13:49:41.591707,index_ivf_sq8__cosine_similarity,5.035876750946045,691,0.39542317390441895,True,True,True,0.9909785985946655,0
687,2024-06-24 13:49:41.990776,index_ivf_sq8__cosine_similarity,5.035876750946045,692,0.19815349578857422,True,True,True,0.99889075756073,0
688,2024-06-24 13:49:42.192744,index_ivf_sq8__cosine_similarity,5.035876750946045,693,0.3947923183441162,True,True,True,0.998900830745697,0
689,2024-06-24 13:49:42.591685,index_ivf_sq8__cosine_similarity,5.035876750946045,694,0.19632649421691895,False,True,True,0.9988963007926941,0
690,2024-06-24 13:49:42.791847,index_ivf_sq8__cosine_similarity,5.035876750946045,695,0.19550681114196777,True,True,True,0.9909533858299255,0
691,2024-06-24 13:49:42.991131,index_ivf_sq8__cosine_similarity,5.035876750946045,696,0.19696307182312012,True,True,True,0.9789732694625854,0
692,2024-06-24 13:49:43.191812,index_ivf_sq8__cosine_similarity,5.035876750946045,697,0.1953563690185547,True,True,True,0.9845876097679138,0
693,2024-06-24 13:49:43.390879,index_ivf_sq8__cosine_similarity,5.035876750946045,698,0.19631052017211914,True,True,True,0.9676927924156189,0
694,2024-06-24 13:49:43.590940,index_ivf_sq8__cosine_similarity,5.035876750946045,699,0.1970062255859375,True,True,True,0.9963119626045227,0
695,2024-06-24 13:49:43.791686,index_ivf_sq8__cosine_similarity,5.035876750946045,700,0.3961935043334961,True,True,True,0.9840730428695679,0
696,2024-06-24 13:49:44.191633,index_ivf_sq8__cosine_similarity,5.035876750946045,701,0.3956444263458252,False,False,True,0.9290561676025391,0
697,2024-06-24 13:49:44.590943,index_ivf_sq8__cosine_similarity,5.035876750946045,702,0.3961780071258545,True,True,True,1.0001981258392334,0
698,2024-06-24 13:49:44.990912,index_ivf_sq8__cosine_similarity,5.035876750946045,703,0.3972172737121582,False,False,False,1.0,0
699,2024-06-24 13:49:45.391909,index_ivf_sq8__cosine_similarity,5.035876750946045,704,0.3955521583557129,True,True,True,0.9918525218963623,0
700,2024-06-24 13:49:45.791240,index_ivf_sq8__cosine_similarity,5.035876750946045,705,0.39583492279052734,False,False,False,1.0,0
701,2024-06-24 13:49:46.190729,index_ivf_sq8__cosine_similarity,5.035876750946045,706,0.39530467987060547,False,True,True,0.9944174885749817,0
702,2024-06-24 13:49:46.589638,index_ivf_sq8__cosine_similarity,5.035876750946045,707,0.39629149436950684,False,True,True,0.9955615401268005,0
703,2024-06-24 13:49:46.991017,index_ivf_sq8__cosine_similarity,5.035876750946045,708,0.19684195518493652,False,True,True,0.9965734481811523,0
704,2024-06-24 13:49:47.191593,index_ivf_sq8__cosine_similarity,5.035876750946045,709,0.39550018310546875,True,True,True,0.9894517660140991,0
705,2024-06-24 13:49:47.590857,index_ivf_sq8__cosine_similarity,5.035876750946045,710,0.39645814895629883,True,True,True,0.9987087845802307,0
706,2024-06-24 13:49:47.991112,index_ivf_sq8__cosine_similarity,5.035876750946045,711,0.39603710174560547,True,True,True,0.9975084066390991,0
707,2024-06-24 13:49:48.390931,index_ivf_sq8__cosine_similarity,5.035876750946045,712,0.3973655700683594,False,True,True,0.9987229704856873,0
708,2024-06-24 13:49:48.792125,index_ivf_sq8__cosine_similarity,5.035876750946045,713,0.39583563804626465,False,True,True,0.9982278347015381,0
709,2024-06-24 13:49:49.191849,index_ivf_sq8__cosine_similarity,5.035876750946045,714,0.39560818672180176,True,True,True,0.971451461315155,0
710,2024-06-24 13:49:49.591156,index_ivf_sq8__cosine_similarity,5.035876750946045,715,0.19656825065612793,True,True,True,0.9946288466453552,0
711,2024-06-24 13:49:49.791383,index_ivf_sq8__cosine_similarity,5.035876750946045,716,0.19616413116455078,True,True,True,0.9966057538986206,0
712,2024-06-24 13:49:49.991377,index_ivf_sq8__cosine_similarity,5.035876750946045,717,0.3961491584777832,True,True,True,0.9918317198753357,0
713,2024-06-24 13:49:50.391342,index_ivf_sq8__cosine_similarity,5.035876750946045,718,0.3964121341705322,False,True,True,0.9978156089782715,0
714,2024-06-24 13:49:50.791619,index_ivf_sq8__cosine_similarity,5.035876750946045,719,0.2034916877746582,True,True,True,0.979189395904541,0
715,2024-06-24 13:49:50.999318,index_ivf_sq8__cosine_similarity,5.035876750946045,720,0.38822054862976074,True,True,True,0.9949958324432373,0
716,2024-06-24 13:49:51.391269,index_ivf_sq8__cosine_similarity,5.035876750946045,721,0.19602560997009277,True,True,True,0.9685556888580322,0
717,2024-06-24 13:49:51.591158,index_ivf_sq8__cosine_similarity,5.035876750946045,722,0.3961608409881592,True,True,True,0.9987356662750244,0
718,2024-06-24 13:49:51.991117,index_ivf_sq8__cosine_similarity,5.035876750946045,723,0.3958730697631836,True,True,True,0.9895939826965332,0
719,2024-06-24 13:49:52.390888,index_ivf_sq8__cosine_similarity,5.035876750946045,724,0.3970658779144287,True,True,True,0.9976518750190735,0
720,2024-06-24 13:49:52.792109,index_ivf_sq8__cosine_similarity,5.035876750946045,725,0.4018290042877197,False,True,True,0.9986283779144287,0
721,2024-06-24 13:49:53.197866,index_ivf_sq8__cosine_similarity,5.035876750946045,726,0.18949198722839355,True,True,True,0.9966940879821777,0
722,2024-06-24 13:49:53.391255,index_ivf_sq8__cosine_similarity,5.035876750946045,727,0.1961202621459961,False,True,True,0.9934713840484619,0
723,2024-06-24 13:49:53.591062,index_ivf_sq8__cosine_similarity,5.035876750946045,728,0.19698810577392578,False,False,False,1.0,0
724,2024-06-24 13:49:53.791784,index_ivf_sq8__cosine_similarity,5.035876750946045,729,0.19637060165405273,True,True,True,0.9611368179321289,0
725,2024-06-24 13:49:53.991832,index_ivf_sq8__cosine_similarity,5.035876750946045,730,0.39567017555236816,True,True,True,0.9984980821609497,0
726,2024-06-24 13:49:54.391184,index_ivf_sq8__cosine_similarity,5.035876750946045,731,0.1959843635559082,True,True,True,0.9962956309318542,0
727,2024-06-24 13:49:54.590910,index_ivf_sq8__cosine_similarity,5.035876750946045,732,0.39640378952026367,True,True,True,0.9988639950752258,0
728,2024-06-24 13:49:54.991154,index_ivf_sq8__cosine_similarity,5.035876750946045,733,0.39571380615234375,True,True,True,0.9860217571258545,0
729,2024-06-24 13:49:55.390628,index_ivf_sq8__cosine_similarity,5.035876750946045,734,0.3969917297363281,True,True,True,0.9573892951011658,0
730,2024-06-24 13:49:55.791366,index_ivf_sq8__cosine_similarity,5.035876750946045,735,0.3958563804626465,False,True,True,0.9947795867919922,0
731,2024-06-24 13:49:56.191067,index_ivf_sq8__cosine_similarity,5.035876750946045,736,0.19643664360046387,True,True,True,0.9980232119560242,0
732,2024-06-24 13:49:56.391363,index_ivf_sq8__cosine_similarity,5.035876750946045,737,0.19598960876464844,True,True,True,0.950466513633728,0
733,2024-06-24 13:49:56.591180,index_ivf_sq8__cosine_similarity,5.035876750946045,738,0.3968505859375,True,True,True,0.9799913763999939,0
734,2024-06-24 13:49:56.991750,index_ivf_sq8__cosine_similarity,5.035876750946045,739,0.3957383632659912,True,True,True,0.9956533908843994,0
735,2024-06-24 13:49:57.391655,index_ivf_sq8__cosine_similarity,5.035876750946045,740,0.19663262367248535,True,True,True,0.9985928535461426,0
736,2024-06-24 13:49:57.591984,index_ivf_sq8__cosine_similarity,5.035876750946045,741,0.1959400177001953,False,True,True,0.9649943113327026,0
737,2024-06-24 13:49:57.791727,index_ivf_sq8__cosine_similarity,5.035876750946045,742,0.1952505111694336,True,True,True,0.9879859685897827,0
738,2024-06-24 13:49:57.990680,index_ivf_sq8__cosine_similarity,5.035876750946045,743,0.39667272567749023,True,True,True,0.9933627247810364,0
739,2024-06-24 13:49:58.391138,index_ivf_sq8__cosine_similarity,5.035876750946045,744,0.1963365077972412,True,True,True,0.9994198083877563,0
740,2024-06-24 13:49:58.591370,index_ivf_sq8__cosine_similarity,5.035876750946045,745,0.19632434844970703,True,True,True,0.9742802977561951,0
741,2024-06-24 13:49:58.791364,index_ivf_sq8__cosine_similarity,5.035876750946045,746,0.19633054733276367,True,True,True,0.9998474717140198,0
742,2024-06-24 13:49:58.991391,index_ivf_sq8__cosine_similarity,5.035876750946045,747,0.19628620147705078,True,True,True,0.9991382956504822,0
743,2024-06-24 13:49:59.191695,index_ivf_sq8__cosine_similarity,5.035876750946045,748,0.3959989547729492,True,True,True,0.999794602394104,0
744,2024-06-24 13:49:59.591673,index_ivf_sq8__cosine_similarity,5.035876750946045,749,0.1960287094116211,False,False,False,1.0,0
745,2024-06-24 13:49:59.791450,index_ivf_sq8__cosine_similarity,5.035876750946045,750,0.19795560836791992,True,True,True,0.990955650806427,0
746,2024-06-24 13:49:59.993214,index_ivf_sq8__cosine_similarity,5.035876750946045,751,0.19379925727844238,True,True,True,0.9975937604904175,0
747,2024-06-24 13:50:00.191138,index_ivf_sq8__cosine_similarity,5.035876750946045,752,0.3966495990753174,True,True,True,0.9662874937057495,0
748,2024-06-24 13:50:00.591640,index_ivf_sq8__cosine_similarity,5.035876750946045,753,0.3961360454559326,True,True,True,0.9913387298583984,0
749,2024-06-24 13:50:00.991492,index_ivf_sq8__cosine_similarity,5.035876750946045,754,0.3952164649963379,True,True,True,0.9952070116996765,0
750,2024-06-24 13:50:01.390346,index_ivf_sq8__cosine_similarity,5.035876750946045,755,0.197800874710083,False,True,True,0.9995529651641846,0
751,2024-06-24 13:50:01.591556,index_ivf_sq8__cosine_similarity,5.035876750946045,756,0.3954648971557617,False,False,False,1.0,0
752,2024-06-24 13:50:01.990804,index_ivf_sq8__cosine_similarity,5.035876750946045,757,0.3966350555419922,True,True,True,0.999114453792572,0
753,2024-06-24 13:50:02.391222,index_ivf_sq8__cosine_similarity,5.035876750946045,758,0.3968493938446045,True,True,True,0.9990973472595215,0
754,2024-06-24 13:50:02.791925,index_ivf_sq8__cosine_similarity,5.035876750946045,759,0.19623017311096191,False,True,True,0.9983898997306824,0
755,2024-06-24 13:50:02.991680,index_ivf_sq8__cosine_similarity,5.035876750946045,760,0.3955566883087158,True,True,True,0.9990724325180054,0
756,2024-06-24 13:50:03.390976,index_ivf_sq8__cosine_similarity,5.035876750946045,761,0.19636321067810059,True,True,True,0.9922958016395569,0
757,2024-06-24 13:50:03.591088,index_ivf_sq8__cosine_similarity,5.035876750946045,762,0.19706225395202637,True,True,True,0.999077558517456,0
758,2024-06-24 13:50:03.792023,index_ivf_sq8__cosine_similarity,5.035876750946045,763,0.39600634574890137,True,True,True,0.9937084913253784,0
759,2024-06-24 13:50:04.191817,index_ivf_sq8__cosine_similarity,5.035876750946045,764,0.19509577751159668,True,True,True,0.967798113822937,0
760,2024-06-24 13:50:04.390692,index_ivf_sq8__cosine_similarity,5.035876750946045,765,0.19713902473449707,True,True,True,0.9919437170028687,0
761,2024-06-24 13:50:04.591658,index_ivf_sq8__cosine_similarity,5.035876750946045,766,0.1958470344543457,True,True,True,0.9699411988258362,0
762,2024-06-24 13:50:04.791264,index_ivf_sq8__cosine_similarity,5.035876750946045,767,0.1957569122314453,False,True,True,0.9552639722824097,0
763,2024-06-24 13:50:04.990853,index_ivf_sq8__cosine_similarity,5.035876750946045,768,0.395998477935791,True,True,True,0.9993993043899536,0
764,2024-06-24 13:50:05.390633,index_ivf_sq8__cosine_similarity,5.035876750946045,769,0.19668960571289062,True,True,True,0.9942986369132996,0
765,2024-06-24 13:50:05.591051,index_ivf_sq8__cosine_similarity,5.035876750946045,770,0.19743633270263672,True,True,True,0.9931630492210388,0
766,2024-06-24 13:50:05.792262,index_ivf_sq8__cosine_similarity,5.035876750946045,771,0.1950685977935791,True,True,True,0.9901383519172668,0
767,2024-06-24 13:50:05.991539,index_ivf_sq8__cosine_similarity,5.035876750946045,772,0.3954043388366699,True,True,True,0.9984483122825623,0
768,2024-06-24 13:50:06.390750,index_ivf_sq8__cosine_similarity,5.035876750946045,773,0.39641880989074707,False,True,True,0.9929847717285156,0
769,2024-06-24 13:50:06.790892,index_ivf_sq8__cosine_similarity,5.035876750946045,774,0.3971824645996094,True,True,True,0.999517560005188,0
770,2024-06-24 13:50:07.191985,index_ivf_sq8__cosine_similarity,5.035876750946045,775,0.3951880931854248,True,True,True,0.9938517212867737,0
771,2024-06-24 13:50:07.591010,index_ivf_sq8__cosine_similarity,5.035876750946045,776,0.1970226764678955,True,True,True,0.9995720982551575,0
772,2024-06-24 13:50:07.791928,index_ivf_sq8__cosine_similarity,5.035876750946045,777,0.19522881507873535,True,True,True,0.9673470258712769,0
773,2024-06-24 13:50:07.990876,index_ivf_sq8__cosine_similarity,5.035876750946045,778,0.39669013023376465,True,True,True,0.9612063765525818,0
774,2024-06-24 13:50:08.391348,index_ivf_sq8__cosine_similarity,5.035876750946045,779,0.19547271728515625,True,True,True,0.988633930683136,0
775,2024-06-24 13:50:08.590680,index_ivf_sq8__cosine_similarity,5.035876750946045,780,0.3965141773223877,True,True,True,1.0003291368484497,0
776,2024-06-24 13:50:08.991143,index_ivf_sq8__cosine_similarity,5.035876750946045,781,0.39649319648742676,True,True,True,0.9993847608566284,0
777,2024-06-24 13:50:09.391396,index_ivf_sq8__cosine_similarity,5.035876750946045,782,0.396700382232666,False,True,True,0.9994654059410095,0
778,2024-06-24 13:50:09.791852,index_ivf_sq8__cosine_similarity,5.035876750946045,783,0.3953855037689209,True,True,True,0.9654655456542969,0
779,2024-06-24 13:50:10.190939,index_ivf_sq8__cosine_similarity,5.035876750946045,784,0.39612865447998047,False,True,True,0.9881680011749268,0
780,2024-06-24 13:50:10.590864,index_ivf_sq8__cosine_similarity,5.035876750946045,785,0.3966512680053711,False,True,True,0.9993228316307068,0
781,2024-06-24 13:50:10.991375,index_ivf_sq8__cosine_similarity,5.035876750946045,786,0.39642834663391113,True,True,True,0.9971764087677002,0
782,2024-06-24 13:50:11.391500,index_ivf_sq8__cosine_similarity,5.035876750946045,787,0.19592809677124023,False,False,False,1.0,0
783,2024-06-24 13:50:11.590953,index_ivf_sq8__cosine_similarity,5.035876750946045,788,0.398007869720459,False,True,True,0.9976395964622498,0
784,2024-06-24 13:50:11.991391,index_ivf_sq8__cosine_similarity,5.035876750946045,789,0.19630026817321777,False,False,False,1.0,0
785,2024-06-24 13:50:12.191727,index_ivf_sq8__cosine_similarity,5.035876750946045,790,0.3962252140045166,True,True,True,0.9987922310829163,0
786,2024-06-24 13:50:12.591735,index_ivf_sq8__cosine_similarity,5.035876750946045,791,0.39554762840270996,True,True,True,0.995014488697052,0
787,2024-06-24 13:50:12.991062,index_ivf_sq8__cosine_similarity,5.035876750946045,792,0.3963124752044678,True,True,True,0.9926381707191467,0
788,2024-06-24 13:50:13.391210,index_ivf_sq8__cosine_similarity,5.035876750946045,793,0.1957721710205078,True,True,True,0.9863598346710205,0
789,2024-06-24 13:50:13.590741,index_ivf_sq8__cosine_similarity,5.035876750946045,794,0.19679713249206543,True,True,True,0.9996094107627869,0
790,2024-06-24 13:50:13.791328,index_ivf_sq8__cosine_similarity,5.035876750946045,795,0.3959677219390869,True,True,True,0.9979321956634521,0
791,2024-06-24 13:50:14.191071,index_ivf_sq8__cosine_similarity,5.035876750946045,796,0.39684200286865234,True,True,True,0.9877058863639832,0
792,2024-06-24 13:50:14.591802,index_ivf_sq8__cosine_similarity,5.035876750946045,797,0.39592790603637695,True,True,True,0.9992642402648926,0
793,2024-06-24 13:50:14.991502,index_ivf_sq8__cosine_similarity,5.035876750946045,798,0.39612793922424316,False,True,True,0.9763745665550232,0
794,2024-06-24 13:50:15.391313,index_ivf_sq8__cosine_similarity,5.035876750946045,799,0.3963048458099365,False,True,True,0.9919047355651855,0
795,2024-06-24 13:50:15.791298,index_ivf_sq8__cosine_similarity,5.035876750946045,800,0.39627885818481445,False,False,False,1.0,0
796,2024-06-24 13:50:16.191252,index_ivf_sq8__cosine_similarity,5.035876750946045,801,0.3955378532409668,False,True,True,0.9985237121582031,0
797,2024-06-24 13:50:16.590522,index_ivf_sq8__cosine_similarity,5.035876750946045,802,0.396481990814209,True,True,True,1.0003080368041992,0
798,2024-06-24 13:50:16.990844,index_ivf_sq8__cosine_similarity,5.035876750946045,803,0.3964264392852783,True,True,True,0.9964317679405212,0
799,2024-06-24 13:50:17.391076,index_ivf_sq8__cosine_similarity,5.035876750946045,804,0.19658255577087402,False,True,True,0.9947370290756226,0
800,2024-06-24 13:50:17.591337,index_ivf_sq8__cosine_similarity,5.035876750946045,805,0.39643096923828125,False,False,False,1.0,0
801,2024-06-24 13:50:17.991390,index_ivf_sq8__cosine_similarity,5.035876750946045,806,0.19556832313537598,True,True,True,0.9975242614746094,0
802,2024-06-24 13:50:18.190745,index_ivf_sq8__cosine_similarity,5.035876750946045,807,0.39662933349609375,False,True,True,0.9852302074432373,0
803,2024-06-24 13:50:18.591219,index_ivf_sq8__cosine_similarity,5.035876750946045,808,0.3954610824584961,False,True,True,0.9467953443527222,0
804,2024-06-24 13:50:18.990366,index_ivf_sq8__cosine_similarity,5.035876750946045,809,0.19674348831176758,True,True,True,0.99985271692276,0
805,2024-06-24 13:50:19.191037,index_ivf_sq8__cosine_similarity,5.035876750946045,810,0.396075963973999,True,True,True,0.9716943502426147,0
806,2024-06-24 13:50:19.590892,index_ivf_sq8__cosine_similarity,5.035876750946045,811,0.39610838890075684,True,True,True,0.9952502250671387,0
807,2024-06-24 13:50:19.990833,index_ivf_sq8__cosine_similarity,5.035876750946045,812,0.3969545364379883,True,True,True,0.9995802044868469,0
808,2024-06-24 13:50:20.391444,index_ivf_sq8__cosine_similarity,5.035876750946045,813,0.3985893726348877,True,True,True,0.9986356496810913,0
809,2024-06-24 13:50:20.792254,index_ivf_sq8__cosine_similarity,5.035876750946045,814,0.19524097442626953,True,True,True,0.9984257817268372,0
810,2024-06-24 13:50:20.991091,index_ivf_sq8__cosine_similarity,5.035876750946045,815,0.39736437797546387,True,True,True,0.9993535280227661,0
811,2024-06-24 13:50:21.390936,index_ivf_sq8__cosine_similarity,5.035876750946045,816,0.19670557975769043,True,True,True,0.9983527660369873,0
812,2024-06-24 13:50:21.591233,index_ivf_sq8__cosine_similarity,5.035876750946045,817,0.3971123695373535,True,True,True,0.9644774198532104,0
813,2024-06-24 13:50:21.991050,index_ivf_sq8__cosine_similarity,5.035876750946045,818,0.3961632251739502,True,True,True,0.99931401014328,0
814,2024-06-24 13:50:22.391028,index_ivf_sq8__cosine_similarity,5.035876750946045,819,0.195573091506958,False,False,False,1.0,0
815,2024-06-24 13:50:22.590147,index_ivf_sq8__cosine_similarity,5.035876750946045,820,0.1979060173034668,False,False,False,1.0,0
816,2024-06-24 13:50:22.790201,index_ivf_sq8__cosine_similarity,5.035876750946045,821,0.466825008392334,True,True,True,0.9996036291122437,0
817,2024-06-24 13:50:23.259627,index_ivf_sq8__cosine_similarity,5.035876750946045,822,0.42310047149658203,True,True,True,0.9743605852127075,0
818,2024-06-24 13:50:23.686300,index_ivf_sq8__cosine_similarity,5.035876750946045,823,0.30460333824157715,True,True,True,0.9995254278182983,0
819,2024-06-24 13:50:23.994136,index_ivf_sq8__cosine_similarity,5.035876750946045,824,0.4917316436767578,True,True,True,0.9986559152603149,0
820,2024-06-24 13:50:24.489000,index_ivf_sq8__cosine_similarity,5.035876750946045,825,0.2998206615447998,False,True,True,0.9949954152107239,0
821,2024-06-24 13:50:24.791756,index_ivf_sq8__cosine_similarity,5.035876750946045,826,0.4536893367767334,True,True,True,0.9998854398727417,0
822,2024-06-24 13:50:25.248279,index_ivf_sq8__cosine_similarity,5.035876750946045,827,0.23558878898620605,True,True,True,0.9890829920768738,0
823,2024-06-24 13:50:25.486678,index_ivf_sq8__cosine_similarity,5.035876750946045,829,0.33505797386169434,True,True,True,0.9338769912719727,0
824,2024-06-24 13:50:25.824917,index_ivf_sq8__cosine_similarity,5.035876750946045,830,0.42278599739074707,False,True,True,0.9993025660514832,0
825,2024-06-24 13:50:26.250688,index_ivf_sq8__cosine_similarity,5.035876750946045,831,0.33603596687316895,True,True,True,0.9794677495956421,0
826,2024-06-24 13:50:26.629653,index_ivf_sq8__cosine_similarity,5.035876750946045,832,0.21398210525512695,False,True,True,0.9942195415496826,0
827,2024-06-24 13:50:26.847621,index_ivf_sq8__cosine_similarity,5.035876750946045,833,0.3503248691558838,True,True,True,0.9886739253997803,0
828,2024-06-24 13:50:27.200765,index_ivf_sq8__cosine_similarity,5.035876750946045,834,0.41620588302612305,True,True,True,0.9987735748291016,0
829,2024-06-24 13:50:27.619809,index_ivf_sq8__cosine_similarity,5.035876750946045,835,0.20283842086791992,True,True,True,0.9912106394767761,0
830,2024-06-24 13:50:27.825065,index_ivf_sq8__cosine_similarity,5.035876750946045,836,0.2293698787689209,True,True,True,0.9907170534133911,0
831,2024-06-24 13:50:28.057260,index_ivf_sq8__cosine_similarity,5.035876750946045,837,0.3871774673461914,True,True,True,0.9989211559295654,0
832,2024-06-24 13:50:28.447269,index_ivf_sq8__cosine_similarity,5.035876750946045,838,0.24905943870544434,False,True,True,0.9972362518310547,0
833,2024-06-24 13:50:28.699065,index_ivf_sq8__cosine_similarity,5.035876750946045,839,0.33654332160949707,True,True,True,0.997452437877655,0
834,2024-06-24 13:50:29.039021,index_ivf_sq8__cosine_similarity,5.035876750946045,840,0.20029830932617188,False,False,False,1.0,0
835,2024-06-24 13:50:29.242230,index_ivf_sq8__cosine_similarity,5.035876750946045,841,0.2594797611236572,False,False,False,1.0,0
836,2024-06-24 13:50:29.504605,index_ivf_sq8__cosine_similarity,5.035876750946045,842,0.3423616886138916,True,True,True,0.9692686200141907,0
837,2024-06-24 13:50:29.850042,index_ivf_sq8__cosine_similarity,5.035876750946045,843,0.3633408546447754,True,True,True,0.9914122819900513,0
838,2024-06-24 13:50:30.216203,index_ivf_sq8__cosine_similarity,5.035876750946045,844,0.20314288139343262,True,True,True,0.9876265525817871,0
839,2024-06-24 13:50:30.422129,index_ivf_sq8__cosine_similarity,5.035876750946045,845,0.4796469211578369,False,True,True,0.9996818900108337,0
840,2024-06-24 13:50:30.904874,index_ivf_sq8__cosine_similarity,5.035876750946045,846,0.28804874420166016,True,True,True,0.9870192408561707,0
841,2024-06-24 13:50:31.195929,index_ivf_sq8__cosine_similarity,5.035876750946045,847,0.2686316967010498,False,True,True,0.9582086205482483,0
842,2024-06-24 13:50:31.467161,index_ivf_sq8__cosine_similarity,5.035876750946045,848,0.13037109375,True,True,True,0.9971698522567749,0
843,2024-06-24 13:50:31.601374,index_ivf_sq8__cosine_similarity,5.035876750946045,849,0.1919410228729248,False,True,True,0.9831649661064148,0
844,2024-06-24 13:50:31.796547,index_ivf_sq8__cosine_similarity,5.035876750946045,850,0.39906907081604004,True,True,True,1.0002491474151611,0
845,2024-06-24 13:50:32.198703,index_ivf_sq8__cosine_similarity,5.035876750946045,851,0.4679138660430908,True,True,True,0.9969160556793213,0
846,2024-06-24 13:50:32.669512,index_ivf_sq8__cosine_similarity,5.035876750946045,852,0.3437349796295166,True,True,True,0.9933210015296936,0
847,2024-06-24 13:50:33.016060,index_ivf_sq8__cosine_similarity,5.035876750946045,853,0.17841887474060059,False,True,True,0.9986979961395264,0
848,2024-06-24 13:50:33.197322,index_ivf_sq8__cosine_similarity,5.035876750946045,854,0.29767870903015137,True,True,True,0.9999527931213379,0
849,2024-06-24 13:50:33.497407,index_ivf_sq8__cosine_similarity,5.035876750946045,855,0.36740851402282715,True,True,True,0.9986292719841003,0
850,2024-06-24 13:50:33.867393,index_ivf_sq8__cosine_similarity,5.035876750946045,856,0.19937682151794434,False,True,True,0.937919557094574,0
851,2024-06-24 13:50:34.069710,index_ivf_sq8__cosine_similarity,5.035876750946045,857,0.14128923416137695,True,True,True,0.9997422099113464,0
852,2024-06-24 13:50:34.213592,index_ivf_sq8__cosine_similarity,5.035876750946045,858,0.18543243408203125,True,True,True,0.9965607523918152,0
853,2024-06-24 13:50:34.401470,index_ivf_sq8__cosine_similarity,5.035876750946045,859,0.2230212688446045,False,True,True,0.981219470500946,0
854,2024-06-24 13:50:34.627161,index_ivf_sq8__cosine_similarity,5.035876750946045,860,0.21351194381713867,True,True,True,0.996196448802948,0
855,2024-06-24 13:50:34.843874,index_ivf_sq8__cosine_similarity,5.035876750946045,861,0.23957586288452148,True,True,True,0.9994943737983704,0
856,2024-06-24 13:50:35.086523,index_ivf_sq8__cosine_similarity,5.035876750946045,862,0.3346672058105469,True,True,True,1.0001343488693237,0
857,2024-06-24 13:50:35.424495,index_ivf_sq8__cosine_similarity,5.035876750946045,863,0.42719078063964844,True,True,True,0.9982833862304688,0
858,2024-06-24 13:50:35.854682,index_ivf_sq8__cosine_similarity,5.035876750946045,864,0.3377194404602051,False,False,False,1.0,0
859,2024-06-24 13:50:36.195292,index_ivf_sq8__cosine_similarity,5.035876750946045,865,0.20074057579040527,True,True,True,0.9996502995491028,0
860,2024-06-24 13:50:36.399432,index_ivf_sq8__cosine_similarity,5.035876750946045,866,0.22724199295043945,True,True,True,0.9997645020484924,0
861,2024-06-24 13:50:36.630101,index_ivf_sq8__cosine_similarity,5.035876750946045,867,0.4483165740966797,True,True,True,0.9646405577659607,0
862,2024-06-24 13:50:37.081962,index_ivf_sq8__cosine_similarity,5.035876750946045,868,0.32815003395080566,True,True,True,0.9998341202735901,0
863,2024-06-24 13:50:37.413676,index_ivf_sq8__cosine_similarity,5.035876750946045,869,0.1851356029510498,True,True,True,0.9586896896362305,0
864,2024-06-24 13:50:37.602648,index_ivf_sq8__cosine_similarity,5.035876750946045,870,0.4211134910583496,True,True,True,0.9768543839454651,0
865,2024-06-24 13:50:38.027354,index_ivf_sq8__cosine_similarity,5.035876750946045,871,0.3655064105987549,True,True,True,0.9846736788749695,0
866,2024-06-24 13:50:38.396177,index_ivf_sq8__cosine_similarity,5.035876750946045,872,0.43789172172546387,False,True,True,0.9834856390953064,0
867,2024-06-24 13:50:38.837119,index_ivf_sq8__cosine_similarity,5.035876750946045,873,0.37346625328063965,True,True,True,0.9605663418769836,0
868,2024-06-24 13:50:39.213702,index_ivf_sq8__cosine_similarity,5.035876750946045,874,0.40252232551574707,False,True,True,0.9925248026847839,0
869,2024-06-24 13:50:39.619464,index_ivf_sq8__cosine_similarity,5.035876750946045,876,0.46134400367736816,True,True,True,0.9776005744934082,0
870,2024-06-24 13:50:40.083436,index_ivf_sq8__cosine_similarity,5.035876750946045,877,0.3216099739074707,True,True,True,0.9634196758270264,0
871,2024-06-24 13:50:40.409850,index_ivf_sq8__cosine_similarity,5.035876750946045,878,0.4065079689025879,False,True,True,0.9998114705085754,0
872,2024-06-24 13:50:40.820213,index_ivf_sq8__cosine_similarity,5.035876750946045,879,0.43137502670288086,True,True,True,0.9962555170059204,0
873,2024-06-24 13:50:41.254299,index_ivf_sq8__cosine_similarity,5.035876750946045,880,0.3622264862060547,True,True,True,0.9986257553100586,0
874,2024-06-24 13:50:41.619358,index_ivf_sq8__cosine_similarity,5.035876750946045,881,0.18948602676391602,True,True,True,0.9947305917739868,0
875,2024-06-24 13:50:41.811341,index_ivf_sq8__cosine_similarity,5.035876750946045,882,0.4365198612213135,False,False,False,1.0,0
876,2024-06-24 13:50:42.251588,index_ivf_sq8__cosine_similarity,5.035876750946045,883,0.22503399848937988,True,True,True,0.9984809756278992,0
877,2024-06-24 13:50:42.479817,index_ivf_sq8__cosine_similarity,5.035876750946045,884,0.32024216651916504,True,True,True,0.9977086782455444,0
878,2024-06-24 13:50:42.803189,index_ivf_sq8__cosine_similarity,5.035876750946045,885,0.21913814544677734,True,True,True,0.9992748498916626,0
879,2024-06-24 13:50:43.025369,index_ivf_sq8__cosine_similarity,5.035876750946045,886,0.2217264175415039,True,True,True,0.9938232898712158,0
880,2024-06-24 13:50:43.250041,index_ivf_sq8__cosine_similarity,5.035876750946045,887,0.3397533893585205,False,True,True,0.9937165975570679,0
881,2024-06-24 13:50:43.592667,index_ivf_sq8__cosine_similarity,5.035876750946045,888,0.4310445785522461,True,True,True,0.994330883026123,0
882,2024-06-24 13:50:44.026712,index_ivf_sq8__cosine_similarity,5.035876750946045,889,0.3617074489593506,False,False,False,1.0,0
883,2024-06-24 13:50:44.391207,index_ivf_sq8__cosine_similarity,5.035876750946045,890,0.39846181869506836,True,True,True,0.9947036504745483,0
884,2024-06-24 13:50:44.791767,index_ivf_sq8__cosine_similarity,5.035876750946045,891,0.4074430465698242,False,True,True,0.9703712463378906,0
885,2024-06-24 13:50:45.202202,index_ivf_sq8__cosine_similarity,5.035876750946045,892,0.18585801124572754,True,True,True,0.9934799671173096,0
886,2024-06-24 13:50:45.393335,index_ivf_sq8__cosine_similarity,5.035876750946045,893,0.19879603385925293,True,True,True,0.9993433952331543,0
887,2024-06-24 13:50:45.597433,index_ivf_sq8__cosine_similarity,5.035876750946045,894,0.3885071277618408,False,True,True,0.9985299110412598,0
888,2024-06-24 13:50:45.989690,index_ivf_sq8__cosine_similarity,5.035876750946045,895,0.39860987663269043,True,True,True,0.999995231628418,0
889,2024-06-24 13:50:46.390417,index_ivf_sq8__cosine_similarity,5.035876750946045,896,0.3983113765716553,True,True,True,0.9881466627120972,0
890,2024-06-24 13:50:46.791555,index_ivf_sq8__cosine_similarity,5.035876750946045,897,0.3956737518310547,True,True,True,0.9997463822364807,0
891,2024-06-24 13:50:47.190428,index_ivf_sq8__cosine_similarity,5.035876750946045,898,0.3988301753997803,True,True,True,0.9982776641845703,0
892,2024-06-24 13:50:47.591962,index_ivf_sq8__cosine_similarity,5.035876750946045,899,0.396622896194458,False,True,True,0.996100664138794,0
893,2024-06-24 13:50:47.991058,index_ivf_sq8__cosine_similarity,5.035876750946045,900,0.19687247276306152,False,False,False,1.0,0
894,2024-06-24 13:50:48.190521,index_ivf_sq8__cosine_similarity,5.035876750946045,901,0.19693994522094727,False,True,True,0.9938024282455444,0
895,2024-06-24 13:50:48.389954,index_ivf_sq8__cosine_similarity,5.035876750946045,902,0.39970898628234863,True,True,True,0.9893918633460999,0
896,2024-06-24 13:50:48.791594,index_ivf_sq8__cosine_similarity,5.035876750946045,903,0.39699625968933105,True,True,True,0.995151937007904,0
897,2024-06-24 13:50:49.190739,index_ivf_sq8__cosine_similarity,5.035876750946045,904,0.3977391719818115,True,True,True,0.999509334564209,0
898,2024-06-24 13:50:49.591289,index_ivf_sq8__cosine_similarity,5.035876750946045,905,0.19612574577331543,False,True,True,0.9966075420379639,0
899,2024-06-24 13:50:49.790069,index_ivf_sq8__cosine_similarity,5.035876750946045,906,0.19884634017944336,False,False,False,1.0,0
900,2024-06-24 13:50:49.990841,index_ivf_sq8__cosine_similarity,5.035876750946045,907,0.1972191333770752,True,True,True,0.9981326460838318,0
901,2024-06-24 13:50:50.190532,index_ivf_sq8__cosine_similarity,5.035876750946045,908,0.19683051109313965,True,True,True,0.9999929070472717,0
902,2024-06-24 13:50:50.389867,index_ivf_sq8__cosine_similarity,5.035876750946045,909,0.39828038215637207,True,True,True,0.9978114366531372,0
903,2024-06-24 13:50:50.790056,index_ivf_sq8__cosine_similarity,5.035876750946045,910,0.398144006729126,False,True,True,0.9967461824417114,0
904,2024-06-24 13:50:51.191169,index_ivf_sq8__cosine_similarity,5.035876750946045,911,0.3978712558746338,True,True,True,0.9995763301849365,0
905,2024-06-24 13:50:51.590995,index_ivf_sq8__cosine_similarity,5.035876750946045,912,0.1977245807647705,True,True,True,0.9962803721427917,0
906,2024-06-24 13:50:51.790602,index_ivf_sq8__cosine_similarity,5.035876750946045,913,0.19909930229187012,True,True,True,0.9907472729682922,0
907,2024-06-24 13:50:51.991705,index_ivf_sq8__cosine_similarity,5.035876750946045,914,0.3983156681060791,True,True,True,0.9972392916679382,0
908,2024-06-24 13:50:52.392390,index_ivf_sq8__cosine_similarity,5.035876750946045,915,0.3959038257598877,True,True,True,0.9893940091133118,0
909,2024-06-24 13:50:52.791196,index_ivf_sq8__cosine_similarity,5.035876750946045,916,0.3964836597442627,True,True,True,0.9793069958686829,0
910,2024-06-24 13:50:53.190332,index_ivf_sq8__cosine_similarity,5.035876750946045,917,0.19866156578063965,True,True,True,0.9997299313545227,0
911,2024-06-24 13:50:53.391018,index_ivf_sq8__cosine_similarity,5.035876750946045,918,0.1973562240600586,False,False,False,1.0,0
912,2024-06-24 13:50:53.590288,index_ivf_sq8__cosine_similarity,5.035876750946045,919,0.39820027351379395,False,True,True,0.9775037169456482,0
913,2024-06-24 13:50:53.991001,index_ivf_sq8__cosine_similarity,5.035876750946045,920,0.38426709175109863,True,True,True,1.0001122951507568,0
914,2024-06-24 13:50:54.390210,index_ivf_sq8__cosine_similarity,5.035876750946045,921,0.39765048027038574,True,True,True,0.9975470304489136,0
915,2024-06-24 13:50:54.790410,index_ivf_sq8__cosine_similarity,5.035876750946045,922,0.3980085849761963,True,True,True,0.9987782835960388,0
916,2024-06-24 13:50:55.190336,index_ivf_sq8__cosine_similarity,5.035876750946045,923,0.19740939140319824,True,True,True,0.999127209186554,0
917,2024-06-24 13:50:55.390299,index_ivf_sq8__cosine_similarity,5.035876750946045,924,0.19858360290527344,False,False,False,1.0,0
918,2024-06-24 13:50:55.591716,index_ivf_sq8__cosine_similarity,5.035876750946045,925,0.3958909511566162,True,True,True,0.9996122121810913,0
919,2024-06-24 13:50:55.990379,index_ivf_sq8__cosine_similarity,5.035876750946045,926,0.40010595321655273,False,False,False,1.0,0
920,2024-06-24 13:50:56.392760,index_ivf_sq8__cosine_similarity,5.035876750946045,927,0.19561457633972168,False,True,True,0.9993550181388855,0
921,2024-06-24 13:50:56.591905,index_ivf_sq8__cosine_similarity,5.035876750946045,928,0.3948783874511719,False,False,False,1.0,0
922,2024-06-24 13:50:56.990066,index_ivf_sq8__cosine_similarity,5.035876750946045,929,0.3986625671386719,True,True,True,0.9928969740867615,0
923,2024-06-24 13:50:57.391491,index_ivf_sq8__cosine_similarity,5.035876750946045,930,0.1971745491027832,True,True,True,0.9978712797164917,0
924,2024-06-24 13:50:57.591960,index_ivf_sq8__cosine_similarity,5.035876750946045,931,0.39675259590148926,True,True,True,1.0002001523971558,0
925,2024-06-24 13:50:57.990814,index_ivf_sq8__cosine_similarity,5.035876750946045,932,0.396773099899292,True,True,True,0.9990572929382324,0
926,2024-06-24 13:50:58.390123,index_ivf_sq8__cosine_similarity,5.035876750946045,933,0.39744019508361816,False,True,True,0.9982985854148865,0
927,2024-06-24 13:50:58.790132,index_ivf_sq8__cosine_similarity,5.035876750946045,934,0.3969709873199463,True,True,True,0.9980015158653259,0
928,2024-06-24 13:50:59.189777,index_ivf_sq8__cosine_similarity,5.035876750946045,935,0.39752912521362305,True,True,True,0.9969429969787598,0
929,2024-06-24 13:50:59.589892,index_ivf_sq8__cosine_similarity,5.035876750946045,936,0.19807124137878418,True,True,True,0.9979533553123474,0
930,2024-06-24 13:50:59.790406,index_ivf_sq8__cosine_similarity,5.035876750946045,937,0.1991736888885498,True,True,True,0.9991676807403564,0
931,2024-06-24 13:50:59.992374,index_ivf_sq8__cosine_similarity,5.035876750946045,938,0.39592790603637695,False,True,True,0.9965956211090088,0
932,2024-06-24 13:51:00.391341,index_ivf_sq8__cosine_similarity,5.035876750946045,939,0.39603757858276367,True,True,True,0.9909161925315857,0
933,2024-06-24 13:51:00.790511,index_ivf_sq8__cosine_similarity,5.035876750946045,940,0.19768905639648438,False,True,True,0.9933207035064697,0
934,2024-06-24 13:51:00.990786,index_ivf_sq8__cosine_similarity,5.035876750946045,941,0.19730854034423828,False,False,False,1.0,0
935,2024-06-24 13:51:01.190324,index_ivf_sq8__cosine_similarity,5.035876750946045,942,0.3977499008178711,True,True,True,0.9878617525100708,0
936,2024-06-24 13:51:01.590620,index_ivf_sq8__cosine_similarity,5.035876750946045,943,0.3970317840576172,True,True,True,0.9987888336181641,0
937,2024-06-24 13:51:01.990085,index_ivf_sq8__cosine_similarity,5.035876750946045,944,0.19758343696594238,True,True,True,0.9995192885398865,0
938,2024-06-24 13:51:02.190100,index_ivf_sq8__cosine_similarity,5.035876750946045,945,0.3972456455230713,True,True,True,0.999004602432251,0
939,2024-06-24 13:51:02.589706,index_ivf_sq8__cosine_similarity,5.035876750946045,946,0.19717669486999512,False,True,True,0.9617843627929688,0
940,2024-06-24 13:51:02.789365,index_ivf_sq8__cosine_similarity,5.035876750946045,947,0.3980703353881836,False,False,False,1.0,0
941,2024-06-24 13:51:03.189972,index_ivf_sq8__cosine_similarity,5.035876750946045,948,0.3974449634552002,True,True,True,0.9988062381744385,0
942,2024-06-24 13:51:03.589632,index_ivf_sq8__cosine_similarity,5.035876750946045,949,0.3973541259765625,False,True,True,0.9460801482200623,0
943,2024-06-24 13:51:03.989407,index_ivf_sq8__cosine_similarity,5.035876750946045,950,0.1968231201171875,False,True,True,0.9992935657501221,0
944,2024-06-24 13:51:04.189170,index_ivf_sq8__cosine_similarity,5.035876750946045,951,0.3988068103790283,True,True,True,0.998326301574707,0
945,2024-06-24 13:51:04.589784,index_ivf_sq8__cosine_similarity,5.035876750946045,952,0.19808411598205566,True,True,True,0.9640630483627319,0
946,2024-06-24 13:51:04.789690,index_ivf_sq8__cosine_similarity,5.035876750946045,953,0.19816350936889648,True,True,True,0.9992546439170837,0
947,2024-06-24 13:51:04.989640,index_ivf_sq8__cosine_similarity,5.035876750946045,954,0.3980674743652344,True,True,True,0.9804298281669617,0
948,2024-06-24 13:51:05.389458,index_ivf_sq8__cosine_similarity,5.035876750946045,955,0.19777274131774902,True,True,True,0.9914374351501465,0
949,2024-06-24 13:51:05.588973,index_ivf_sq8__cosine_similarity,5.035876750946045,956,0.39886927604675293,False,True,True,0.9941163659095764,0
950,2024-06-24 13:51:05.989687,index_ivf_sq8__cosine_similarity,5.035876750946045,957,0.39831066131591797,True,True,True,0.9991748332977295,0
951,2024-06-24 13:51:06.390354,index_ivf_sq8__cosine_similarity,5.035876750946045,958,0.3973960876464844,True,True,True,0.9960244297981262,0
952,2024-06-24 13:51:06.790273,index_ivf_sq8__cosine_similarity,5.035876750946045,959,0.19744873046875,True,True,True,0.9997046589851379,0
953,2024-06-24 13:51:06.990212,index_ivf_sq8__cosine_similarity,5.035876750946045,960,0.3980586528778076,True,True,True,0.9638423323631287,0
954,2024-06-24 13:51:07.390501,index_ivf_sq8__cosine_similarity,5.035876750946045,961,0.19683408737182617,True,True,True,0.9969046711921692,0
955,2024-06-24 13:51:07.589714,index_ivf_sq8__cosine_similarity,5.035876750946045,962,0.1985621452331543,True,True,True,0.9978195428848267,0
956,2024-06-24 13:51:07.790385,index_ivf_sq8__cosine_similarity,5.035876750946045,963,0.19749212265014648,True,True,True,0.9936652183532715,0
957,2024-06-24 13:51:07.990240,index_ivf_sq8__cosine_similarity,5.035876750946045,964,0.1977534294128418,True,True,True,0.9988656640052795,0
958,2024-06-24 13:51:08.190736,index_ivf_sq8__cosine_similarity,5.035876750946045,965,0.3975198268890381,False,True,True,0.9953452944755554,0
959,2024-06-24 13:51:08.590602,index_ivf_sq8__cosine_similarity,5.035876750946045,966,0.3972289562225342,False,True,True,0.983940601348877,0
960,2024-06-24 13:51:08.989835,index_ivf_sq8__cosine_similarity,5.035876750946045,967,0.19762229919433594,True,True,True,0.9931560754776001,0
961,2024-06-24 13:51:09.190392,index_ivf_sq8__cosine_similarity,5.035876750946045,968,0.19654154777526855,True,True,True,0.9992963075637817,0
962,2024-06-24 13:51:09.389516,index_ivf_sq8__cosine_similarity,5.035876750946045,969,0.39841294288635254,True,True,True,0.9924261569976807,0
963,2024-06-24 13:51:09.790405,index_ivf_sq8__cosine_similarity,5.035876750946045,970,0.3963940143585205,False,True,True,0.9981601238250732,0
964,2024-06-24 13:51:10.189306,index_ivf_sq8__cosine_similarity,5.035876750946045,971,0.39789748191833496,True,True,True,0.9981027841567993,0
965,2024-06-24 13:51:10.589255,index_ivf_sq8__cosine_similarity,5.035876750946045,972,0.39769840240478516,True,True,True,0.9983856678009033,0
966,2024-06-24 13:51:10.988956,index_ivf_sq8__cosine_similarity,5.035876750946045,973,0.39835572242736816,True,True,True,0.9985877871513367,0
967,2024-06-24 13:51:11.390007,index_ivf_sq8__cosine_similarity,5.035876750946045,974,0.19765973091125488,False,True,True,0.99844890832901,0
968,2024-06-24 13:51:11.591155,index_ivf_sq8__cosine_similarity,5.035876750946045,975,0.39543747901916504,False,True,True,0.9965429902076721,0
969,2024-06-24 13:51:11.989457,index_ivf_sq8__cosine_similarity,5.035876750946045,976,0.19840431213378906,False,True,True,0.9985058903694153,0
970,2024-06-24 13:51:12.189858,index_ivf_sq8__cosine_similarity,5.035876750946045,977,0.39803528785705566,True,True,True,0.9997039437294006,0
971,2024-06-24 13:51:12.590662,index_ivf_sq8__cosine_similarity,5.035876750946045,978,0.19661593437194824,False,True,True,0.9977008700370789,0
972,2024-06-24 13:51:12.790428,index_ivf_sq8__cosine_similarity,5.035876750946045,979,0.19753789901733398,True,True,True,0.9976744055747986,0
973,2024-06-24 13:51:12.989847,index_ivf_sq8__cosine_similarity,5.035876750946045,980,0.39723920822143555,False,True,True,0.9915904998779297,0
974,2024-06-24 13:51:13.389711,index_ivf_sq8__cosine_similarity,5.035876750946045,981,0.18419837951660156,False,True,True,0.9934537410736084,0
975,2024-06-24 13:51:13.590337,index_ivf_sq8__cosine_similarity,5.035876750946045,982,0.3960905075073242,True,True,True,0.9988102316856384,0
976,2024-06-24 13:51:13.989610,index_ivf_sq8__cosine_similarity,5.035876750946045,983,0.19809865951538086,True,True,True,0.9980803728103638,0
977,2024-06-24 13:51:14.190281,index_ivf_sq8__cosine_similarity,5.035876750946045,984,0.19665050506591797,True,True,True,0.9986565113067627,0
978,2024-06-24 13:51:14.390224,index_ivf_sq8__cosine_similarity,5.035876750946045,985,0.19674205780029297,False,True,True,0.957148551940918,0
979,2024-06-24 13:51:14.590312,index_ivf_sq8__cosine_similarity,5.035876750946045,986,0.19598770141601562,True,True,True,0.9984253644943237,0
980,2024-06-24 13:51:14.789435,index_ivf_sq8__cosine_similarity,5.035876750946045,987,0.1985187530517578,False,True,True,0.9954468011856079,0
981,2024-06-24 13:51:14.989924,index_ivf_sq8__cosine_similarity,5.035876750946045,988,0.3967173099517822,True,True,True,0.9882312417030334,0
982,2024-06-24 13:51:15.389052,index_ivf_sq8__cosine_similarity,5.035876750946045,989,0.3998086452484131,True,True,True,0.9990105628967285,0
983,2024-06-24 13:51:15.790892,index_ivf_sq8__cosine_similarity,5.035876750946045,990,0.19494414329528809,True,True,True,0.9767805933952332,0
984,2024-06-24 13:51:15.989579,index_ivf_sq8__cosine_similarity,5.035876750946045,991,0.1985766887664795,True,True,True,0.9983125925064087,0
985,2024-06-24 13:51:16.190445,index_ivf_sq8__cosine_similarity,5.035876750946045,992,0.3967156410217285,True,True,True,0.9991770386695862,0
986,2024-06-24 13:51:16.590638,index_ivf_sq8__cosine_similarity,5.035876750946045,993,0.39609527587890625,True,True,True,0.99838787317276,0
987,2024-06-24 13:51:16.989229,index_ivf_sq8__cosine_similarity,5.035876750946045,994,0.19760990142822266,True,True,True,0.9983012080192566,0
988,2024-06-24 13:51:17.189509,index_ivf_sq8__cosine_similarity,5.035876750946045,995,0.19714999198913574,False,False,False,1.0,0
989,2024-06-24 13:51:17.389099,index_ivf_sq8__cosine_similarity,5.035876750946045,996,0.1992189884185791,True,True,True,0.9997473955154419,0
990,2024-06-24 13:51:17.590785,index_ivf_sq8__cosine_similarity,5.035876750946045,997,0.39501118659973145,True,True,True,0.9939045310020447,0
991,2024-06-24 13:51:17.988903,index_ivf_sq8__cosine_similarity,5.035876750946045,998,0.39763426780700684,True,True,True,0.9682356119155884,0
992,2024-06-24 13:51:18.389204,index_ivf_sq8__cosine_similarity,5.035876750946045,999,0.19736099243164062,True,True,True,0.9939150810241699,0
993,2024-06-24 13:51:18.589392,index_ivf_sq8__cosine_similarity,5.035876750946045,0,0.1976006031036377,True,True,True,0.9988515377044678,0
994,2024-06-24 13:51:18.789840,index_ivf_sq8__cosine_similarity,5.035876750946045,1,0.1972358226776123,False,True,True,0.9979220032691956,0
995,2024-06-24 13:51:18.989282,index_ivf_sq8__cosine_similarity,5.035876750946045,2,0.3975679874420166,False,True,True,0.9965940117835999,0
996,2024-06-24 13:51:19.389282,index_ivf_sq8__cosine_similarity,5.035876750946045,3,0.3984081745147705,True,True,True,0.9853967428207397,0
997,2024-06-24 13:51:19.789809,index_ivf_sq8__cosine_similarity,5.035876750946045,4,0.39685535430908203,True,True,True,0.9992120862007141,0
998,2024-06-24 13:51:20.189088,index_ivf_sq8__cosine_similarity,5.035876750946045,5,0.19843769073486328,True,True,True,0.999103307723999,0
999,2024-06-24 13:51:20.390040,index_ivf_sq8__cosine_similarity,5.035876750946045,6,0.3969106674194336,True,True,True,0.9918188452720642,0
